Zn     0 
S   27   1.00
      1.87413E+08            1.009014E-07     
      3.35127E+07            6.704747E-07     
      7.50475E+06            3.863166E-06     
      2.01787E+06            1.756108E-05     
 628578.0000000              6.747146E-05     
 220163.0000000              0.0002265652     
  84595.2000000              0.0006864596     
  34955.5000000              0.001919556      
  15290.3000000              0.005035036      
   6994.9300000              0.01249183       
   3316.5900000              0.02931174       
   1619.2400000              0.06427367       
    810.3430000              0.1280292        
    414.3930000              0.2196143        
    216.0580000              0.2943285        
    114.6350000              0.2592639        
     61.7623000              0.1154133        
     33.6924000              0.01748179       
     18.5315000              0.00123447       
     10.2144000              1.030887E-05     
      5.5942800              5.407386E-05     
      3.0096800             -9.020925E-05     
      1.5668400              1.229205E-05     
      0.7814370             -1.291299E-05     
      0.2581180              5.053007E-06     
      0.1385560             -4.083295E-06     
      0.0661710              1.77407E-06      
S   27   1.00
      1.87413E+08           -3.115741E-08     
      3.35127E+07           -2.070312E-07     
      7.50475E+06           -1.192935E-06     
      2.01787E+06           -5.422776E-06     
 628578.0000000             -2.083826E-05     
 220163.0000000             -6.998988E-05     
  84595.2000000             -0.0002122319     
  34955.5000000             -0.0005944122     
  15290.3000000             -0.001565121      
   6994.9300000             -0.003912825      
   3316.5900000             -0.009329174      
   1619.2400000             -0.02109918       
    810.3430000             -0.04460857       
    414.3930000             -0.08543854       
    216.0580000             -0.1398518        
    114.6350000             -0.1674907        
     61.7623000             -0.07864897       
     33.6924000              0.1871467        
     18.5315000              0.4773740        
     10.2144000              0.3974608        
      5.5942800              0.1119124        
      3.0096800              0.01021018       
      1.5668400              0.001535466      
      0.7814370              0.0003513273     
      0.2581180              8.700326E-06     
      0.1385560              8.085928E-06     
      0.0661710             -4.465779E-06     
S   27   1.00
      1.87413E+08            1.176468E-08     
      3.35127E+07            7.81863E-08      
      7.50475E+06            4.504171E-07     
      2.01787E+06            2.048043E-06     
 628578.0000000              7.867565E-06     
 220163.0000000              2.643679E-05     
  84595.2000000              8.013127E-05     
  34955.5000000              0.0002246143     
  15290.3000000              0.0005912514     
   6994.9300000              0.00148082       
   3316.5900000              0.003533956      
   1619.2400000              0.00803224       
    810.3430000              0.01708455       
    414.3930000              0.03323558       
    216.0580000              0.05573178       
    114.6350000              0.07004526       
     61.7623000              0.03460894       
     33.6924000             -0.09417457       
     18.5315000             -0.3185785        
     10.2144000             -0.3740136        
      5.5942800             -0.007223424      
      3.0096800              0.4699051        
      1.5668400              0.5650018        
      0.7814370              0.2128446        
      0.2581180              0.01020773       
      0.1385560             -0.003216647      
      0.0661710              0.0009813901     
S   27   1.00
      1.87413E+08           -2.356493E-09     
      3.35127E+07           -1.565939E-08     
      7.50475E+06           -9.022205E-08     
      2.01787E+06           -4.101783E-07     
 628578.0000000             -1.575992E-06     
 220163.0000000             -5.294514E-06     
  84595.2000000             -1.605261E-05     
  34955.5000000             -4.498259E-05     
  15290.3000000             -0.0001184624     
   6994.9300000             -0.0002965895     
   3316.5900000             -0.0007083659     
   1619.2400000             -0.001609791      
    810.3430000             -0.003429679      
    414.3930000             -0.00667783       
    216.0580000             -0.01124816       
    114.6350000             -0.01419067       
     61.7623000             -0.007119783      
     33.6924000              0.01964233       
     18.5315000              0.06866033       
     10.2144000              0.08451691       
      5.5942800             -0.002558593      
      3.0096800             -0.1246873        
      1.5668400             -0.1981732        
      0.7814370             -0.1626983        
      0.2581180              0.1212677        
      0.1385560              0.4147624        
      0.0661710              0.4840872        
S   27   1.00
      1.87413E+08            6.708866E-09     
      3.35127E+07            4.41662E-08      
      7.50475E+06            2.575365E-07     
      2.01787E+06            1.154012E-06     
 628578.0000000              4.513571E-06     
 220163.0000000              1.483194E-05     
  84595.2000000              4.621034E-05     
  34955.5000000              0.0001252604     
  15290.3000000              0.0003431994     
   6994.9300000              0.000820361      
   3316.5900000              0.002066898      
   1619.2400000              0.004419789      
    810.3430000              0.01011367       
    414.3930000              0.01809426       
    216.0580000              0.03416662       
    114.6350000              0.03593265       
     61.7623000              0.03074112       
     33.6924000             -0.07752629       
     18.5315000             -0.1679194        
     10.2144000             -0.3562499        
      5.5942800              0.1776982        
      3.0096800              0.4749129        
      1.5668400              0.8521909        
      0.7814370             -0.7724873        
      0.2581180             -1.4319140        
      0.1385560              0.4991946        
      0.0661710              0.5499585        
S   27   1.00
      1.87413E+08           -9.317884E-09     
      3.35127E+07           -6.155607E-08     
      7.50475E+06           -3.573416E-07     
      2.01787E+06           -1.609881E-06     
 628578.0000000             -6.255093E-06     
 220163.0000000             -2.072444E-05     
  84595.2000000             -6.392044E-05     
  34955.5000000             -0.0001754269     
  15290.3000000             -0.0004736661     
   6994.9300000             -0.001152085      
   3316.5900000             -0.002846504      
   1619.2400000             -0.006230027      
    810.3430000             -0.01389848       
    414.3930000             -0.02572496       
    216.0580000             -0.04674972       
    114.6350000             -0.05304136       
     61.7623000             -0.03846676       
     33.6924000              0.09700309       
     18.5315000              0.2750132        
     10.2144000              0.6149135        
      5.5942800             -0.4648242        
      3.0096800             -1.4688170        
      1.5668400             -0.06123386       
      0.7814370              2.5333260        
      0.2581180             -1.4838310        
      0.1385560             -0.9440243        
      0.0661710              0.9934343        
S   27   1.00
      1.87413E+08            1.206066E-08     
      3.35127E+07            8.110169E-08     
      7.50475E+06            4.60205E-07      
      2.01787E+06            2.130959E-06     
 628578.0000000              8.004527E-06     
 220163.0000000              2.765382E-05     
  84595.2000000              8.09931E-05      
  34955.5000000              0.000236727      
  15290.3000000              0.0005928609     
   6994.9300000              0.001574959      
   3316.5900000              0.003517111      
   1619.2400000              0.008651605      
    810.3430000              0.01689628       
    414.3930000              0.03686833       
    216.0580000              0.05445003       
    114.6350000              0.08690671       
     61.7623000              0.01740443       
     33.6924000             -0.05212573       
     18.5315000             -0.5511726        
     10.2144000             -1.1543500        
      5.5942800              2.1468370        
      3.0096800              2.4632420        
      1.5668400             -6.0927930        
      0.7814370              3.2604830        
      0.2581180              2.0784120        
      0.1385560             -4.0424470        
      0.0661710              1.7426680        
S   27   1.00
      1.87413E+08            1.288013E-08     
      3.35127E+07            7.963494E-08     
      7.50475E+06            5.028311E-07     
      2.01787E+06            2.04487E-06      
 628578.0000000              8.997462E-06     
 220163.0000000              2.548089E-05     
  84595.2000000              9.502563E-05     
  34955.5000000              0.000205759      
  15290.3000000              0.000732222      
   6994.9300000              0.001279062      
   3316.5900000              0.004583798      
   1619.2400000              0.006488435      
    810.3430000              0.02369604       
    414.3930000              0.02360841       
    216.0580000              0.09186954       
    114.6350000              0.01584593       
     61.7623000              0.1832209        
     33.6924000             -0.3620858        
     18.5315000             -0.2562035        
     10.2144000             -2.6784160        
      5.5942800              8.3186980        
      3.0096800             -7.7549970        
      1.5668400              0.5798922        
      0.7814370              4.4806790        
      0.2581180             -7.9856680        
      0.1385560              7.9331330        
      0.0661710             -2.6833390        
S   1   1.00
      0.0309860              1.0000000        
P   19   1.00
 110349.0000000              0.0000030        
  26971.3000000              0.0000250        
   8560.0700000              0.0001540        
   3248.8000000              0.0007110        
   1389.4100000              0.0027260        
    643.0430000              0.0090780        
    314.0050000              0.0266470        
    159.4890000              0.0683490        
     83.6662000              0.1462290        
     45.1574000              0.2463660        
     24.9630000              0.3093570        
     14.0043000              0.2518340        
      7.8326700              0.1075770        
      4.2841000              0.0186230        
      2.2890100              0.0018400        
      1.1943600              0.0005260        
      0.5942580              0.0001340        
      0.2269140              0.0000180        
      0.0901790             -0.0000030        
P   19   1.00
 110349.0000000             -0.0000010        
  26971.3000000             -0.0000090        
   8560.0700000             -0.0000570        
   3248.8000000             -0.0002660        
   1389.4100000             -0.0010230        
    643.0430000             -0.0034260        
    314.0050000             -0.0101780        
    159.4890000             -0.0266840        
     83.6662000             -0.0590440        
     45.1574000             -0.1036450        
     24.9630000             -0.1371860        
     14.0043000             -0.0980300        
      7.8326700              0.0782840        
      4.2841000              0.3068960        
      2.2890100              0.4020910        
      1.1943600              0.2839960        
      0.5942580              0.0869280        
      0.2269140              0.0058540        
      0.0901790             -0.0000370        
P   18   1.00
  26971.3000000              0.0000020        
   8560.0700000              0.0000110        
   3248.8000000              0.0000490        
   1389.4100000              0.0001900        
    643.0430000              0.0006280        
    314.0050000              0.0018980        
    159.4890000              0.0049050        
     83.6662000              0.0110910        
     45.1574000              0.0191100        
     24.9630000              0.0264040        
     14.0043000              0.0170480        
      7.8326700             -0.0167770        
      4.2841000             -0.0722810        
      2.2890100             -0.0888340        
      1.1943600             -0.0855010        
      0.5942580              0.0514770        
      0.2269140              0.3482630        
      0.0901790              0.5207130        
P   18   1.00
  26971.3000000              0.0000030        
   8560.0700000              0.0000190        
   3248.8000000              0.0000840        
   1389.4100000              0.0003350        
    643.0430000              0.0010780        
    314.0050000              0.0033420        
    159.4890000              0.0084110        
     83.6662000              0.0195690        
     45.1574000              0.0325670        
     24.9630000              0.0477820        
     14.0043000              0.0279570        
      7.8326700             -0.0245300        
      4.2841000             -0.1464900        
      2.2890100             -0.1492570        
      1.1943600             -0.1363180        
      0.5942580              0.1989520        
      0.2269140              0.6520570        
      0.0901790              0.3101190        
P   19   1.00
 110349.0000000             -0.0000010        
  26971.3000000             -0.0000070        
   8560.0700000             -0.0000440        
   3248.8000000             -0.0001870        
   1389.4100000             -0.0007860        
    643.0430000             -0.0024190        
    314.0050000             -0.0078320        
    159.4890000             -0.0188920        
     83.6662000             -0.0460950        
     45.1574000             -0.0721870        
     24.9630000             -0.1187060        
     14.0043000             -0.0688450        
      7.8326700              0.0612550        
      4.2841000              0.5482940        
      2.2890100              0.2972820        
      1.1943600             -0.2716010        
      0.5942580             -1.0379400        
      0.2269140              0.2883290        
      0.0901790              0.5829240        
P   19   1.00
 110349.0000000              0.0000010        
  26971.3000000              0.0000090        
   8560.0700000              0.0000470        
   3248.8000000              0.0002580        
   1389.4100000              0.0008400        
    643.0430000              0.0033290        
    314.0050000              0.0084050        
    159.4890000              0.0262100        
     83.6662000              0.0483260        
     45.1574000              0.1064260        
     24.9630000              0.1112430        
     14.0043000              0.2196340        
      7.8326700             -0.3785060        
      4.2841000             -0.8342830        
      2.2890100              0.0346510        
      1.1943600              1.9667590        
      0.5942580             -1.2248450        
      0.2269140             -0.7377320        
      0.0901790              0.9916440        
P   19   1.00
 110349.0000000              0.0000010        
  26971.3000000              0.0000110        
   8560.0700000              0.0000750        
   3248.8000000              0.0003070        
   1389.4100000              0.0013430        
    643.0430000              0.0039790        
    314.0050000              0.0135080        
    159.4890000              0.0315180        
     83.6662000              0.0812240        
     45.1574000              0.1177440        
     24.9630000              0.2545370        
     14.0043000              0.2804660        
      7.8326700             -1.3817560        
      4.2841000             -0.5845020        
      2.2890100              2.8319550        
      1.1943600             -1.4030820        
      0.5942580             -1.0866400        
      0.2269140              1.8537790        
      0.0901790             -1.1119850        
P   1   1.00
      0.0357180              1.0000000        
D   11   1.00
    854.1223000              0.0001100        
    257.9496000              0.0010600        
    100.2319000              0.0061270        
     44.1762100              0.0242270        
     20.7847600              0.0705680        
     10.2275600              0.1554220        
      5.1512410              0.2464650        
      2.5908470              0.2908540        
      1.2858010              0.2696230        
      0.6253440              0.1932020        
      0.2939430              0.0928240        
D   11   1.00
    854.1223000              0.0001540        
    257.9496000              0.0014840        
    100.2319000              0.0086150        
     44.1762100              0.0343280        
     20.7847600              0.1026560        
     10.2275600              0.2346230        
      5.1512410              0.3308580        
      2.5908470              0.1664140        
      1.2858010             -0.2191500        
      0.6253440             -0.4171790        
      0.2939430             -0.2879880        
D   11   1.00
    854.1223000              0.0001680        
    257.9496000              0.0016860        
    100.2319000              0.0095520        
     44.1762100              0.0391690        
     20.7847600              0.1185400        
     10.2275600              0.3060170        
      5.1512410              0.2800330        
      2.5908470             -0.3570440        
      1.2858010             -0.5566930        
      0.6253440             -0.0034070        
      0.2939430              0.5550480        
D   11   1.00
    854.1223000              0.0002020        
    257.9496000              0.0022920        
    100.2319000              0.0119480        
     44.1762100              0.0534890        
     20.7847600              0.1599570        
     10.2275600              0.4633290        
      5.1512410              0.0018920        
      2.5908470             -0.9592480        
      1.2858010              0.1085530        
      0.6253440              0.9818850        
      0.2939430             -0.3019870        
D   11   1.00
    854.1223000             -0.0003210        
    257.9496000             -0.0028130        
    100.2319000             -0.0180280        
     44.1762100             -0.0679850        
     20.7847600             -0.2814680        
     10.2275600             -0.6396470        
      5.1512410              1.0829690        
      2.5908470              0.4414690        
      1.2858010             -1.6892300        
      0.6253440              0.9011120        
      0.2939430              0.6121440        
D   1   1.00
      0.1289970              1.0000000        
F   1   1.00
     12.1669000              1.0000000        
F   1   1.00
      4.3915000              1.0000000        
F   1   1.00
      1.5850000              1.0000000        
F   1   1.00
      0.5721000              1.0000000        
G   1   1.00
      9.6299000              1.0000000        
G   1   1.00
      3.3924000              1.0000000        
G   1   1.00
      1.1951000              1.0000000        
H   1   1.00
      7.4738000              1.0000000        
H   1   1.00
      2.4250000              1.0000000        
I   1   1.00
      5.5487000              1.0000000        
