# aug-pc-4
  species        Na
#     global species definitions
    nucleus             11
    mass                22.98976928
#
    l_hartree           8
#
    cut_pot             5.0          2.0  1.0
    basis_dep_cutoff    0.d0
#
    radial_base         40 7.0
    radial_multiplier   6
    angular_grids       specified
      division   0.5925  110
      division   0.7843  194
      division   1.0201  302
      division   1.1879  434
      division   1.3799  590
#      division   1.4503  770
#      division   7.0005  974
#      outer_grid  974
      outer_grid  590
################################################################################
#
#  Definition of "minimal" basis
#
################################################################################
#     valence basis states
    valence      3  s   1.
    valence      2  p   6.
#     ion occupancy
    ion_occ      2  s   2.
    ion_occ      2  p   6.

    include_min_basis   .false.
    pure_gauss          .true.

gaussian 0 15
  0.191870E+07  0.274290E-05
  0.287270E+06  0.213320E-04
  0.653820E+05  0.112210E-03
  0.185230E+05  0.473690E-03
  0.604540E+04  0.172350E-02
  0.218420E+04  0.559140E-02
  0.853110E+03  0.164610E-01
  0.354690E+03  0.437760E-01
  0.155330E+03  0.102660E+00
  0.712340E+02  0.200740E+00
  0.338350E+02  0.309520E+00
  0.163490E+02  0.308260E+00
  0.800820E+01  0.148550E+00
  0.367130E+01  0.171130E-01
  0.171180E+01  -0.155410E-02
gaussian 0 11
  0.218420E+04  -0.179020E-04
  0.853110E+03  -0.649780E-04
  0.354690E+03  -0.609090E-03
  0.155330E+03  -0.260940E-02
  0.712340E+02  -0.132950E-01
  0.338350E+02  -0.398670E-01
  0.163490E+02  -0.961080E-01
  0.800820E+01  -0.704790E-01
  0.367130E+01  0.245650E+00
  0.171180E+01  0.553620E+00
  0.791470E+00  0.458690E+00
gaussian 0 13
  0.604540E+04  -0.144460E-05
  0.218420E+04  -0.130570E-04
  0.853110E+03  -0.974170E-04
  0.354690E+03  -0.637870E-03
  0.155330E+03  -0.333940E-02
  0.712340E+02  -0.151450E-01
  0.338350E+02  -0.490790E-01
  0.163490E+02  -0.108650E+00
  0.800820E+01  -0.885270E-01
  0.367130E+01  0.293660E+00
  0.171180E+01  0.479150E+00
  0.791470E+00  0.156800E+00
  0.354790E+00  -0.578530E+00
gaussian 0 1  0.906640E-01
gaussian 0 1  0.443130E-01
gaussian 0 1  0.219480E-01
gaussian 0 1  0.108210E-01
gaussian 0 1  0.485700E-02
gaussian 1 11
  0.304420E+04  0.293550E-04
  0.720020E+03  0.261000E-03
  0.234420E+03  0.148190E-02
  0.896660E+02  0.648150E-02
  0.366950E+02  0.248030E-01
  0.162560E+02  0.659540E-01
  0.765930E+01  0.147940E+00
  0.371250E+01  0.244000E+00
  0.179920E+01  0.302440E+00
  0.862880E+00  0.275570E+00
  0.401040E+00  0.162190E+00
gaussian 1 1  0.177590E+00
gaussian 1 1  0.807000E-01
gaussian 1 1  0.367000E-01
gaussian 1 1  0.167000E-01
gaussian 1 1  0.697000E-02
gaussian 2 1  0.235000E+01
gaussian 2 1  0.560000E+00
gaussian 2 1  0.140000E+00
gaussian 2 1  0.194300E-01
gaussian 3 1  0.108000E+01
gaussian 3 1  0.240000E+00
gaussian 3 1  0.242800E-01
gaussian 4 1  0.300000E+00
gaussian 4 1  0.291400E-01
