# aug-pc-4
  species        Si
#     global species definitions
    nucleus             14
    mass                28.0855
#
    l_hartree           8
#
    cut_pot             4.0          2.0  1.0
    basis_dep_cutoff    0.d0
#
    radial_base         42 7.0
    radial_multiplier   6
    angular_grids       specified
      division   0.5546  110
      division   0.6662  194
      division   0.7933  302
      division   0.9076  434
      division   1.0349  590
#      division   1.1770  770
#      division   2.4695  974
#      outer_grid   974
      outer_grid 590
################################################################################
#
#  Definition of "minimal" basis
#
################################################################################
#     valence basis states
    valence      3  s   2.
    valence      3  p   2.
#     ion occupancy
    ion_occ      3  s   1.
    ion_occ      3  p   1.

    include_min_basis   .false.
    pure_gauss          .true.

gaussian 0 15
  0.461580E+07  0.165860E-05
  0.719010E+06  0.121340E-04
  0.169990E+06  0.609690E-04
  0.494000E+05  0.251240E-03
  0.163850E+05  0.900880E-03
  0.598540E+04  0.290390E-02
  0.235410E+04  0.858520E-02
  0.981400E+03  0.234210E-01
  0.428900E+03  0.584220E-01
  0.194540E+03  0.129770E+00
  0.907770E+02  0.240370E+00
  0.437150E+02  0.324800E+00
  0.214910E+02  0.266840E+00
  0.106690E+02  0.913240E-01
  0.488820E+01  0.534240E-02
gaussian 0 12
  0.163850E+05  -0.945940E-06
  0.598540E+04  -0.193880E-05
  0.235410E+04  -0.421750E-04
  0.981400E+03  -0.204690E-03
  0.428900E+03  -0.142610E-02
  0.194540E+03  -0.637950E-02
  0.907770E+02  -0.286640E-01
  0.437150E+02  -0.756950E-01
  0.214910E+02  -0.154730E+00
  0.106690E+02  0.159130E-01
  0.488820E+01  0.463440E+00
  0.233610E+01  0.602180E+00
gaussian 0 12
  0.598540E+04  -0.381010E-05
  0.235410E+04  -0.289990E-04
  0.981400E+03  -0.188680E-03
  0.428900E+03  -0.109670E-02
  0.194540E+03  -0.533750E-02
  0.907770E+02  -0.227490E-01
  0.437150E+02  -0.629360E-01
  0.214910E+02  -0.125250E+00
  0.106690E+02  0.521670E-02
  0.488820E+01  0.430800E+00
  0.233610E+01  0.718330E+00
  0.109670E+01  0.383600E+00
gaussian 0 1  0.423120E+00
gaussian 0 1  0.242760E+00
gaussian 0 1  0.117030E+00
gaussian 0 1  0.528610E-01
gaussian 0 1  0.218970E-01
gaussian 1 11
  0.645330E+04  0.216530E-04
  0.153390E+04  0.191620E-03
  0.498380E+03  0.111430E-02
  0.188980E+03  0.508300E-02
  0.778870E+02  0.192690E-01
  0.355140E+02  0.530910E-01
  0.170160E+02  0.126390E+00
  0.849770E+01  0.223120E+00
  0.435440E+01  0.298540E+00
  0.225750E+01  0.286510E+00
  0.115970E+01  0.171680E+00
gaussian 1 11
  0.153390E+04  0.958440E-06
  0.498380E+03  -0.174750E-06
  0.188980E+03  0.199210E-04
  0.778870E+02  -0.389700E-04
  0.355140E+02  0.633270E-04
  0.170160E+02  -0.140570E-02
  0.849770E+01  -0.120800E-02
  0.435440E+01  -0.113900E-01
  0.225750E+01  0.460790E-02
  0.115970E+01  -0.576880E-03
  0.593430E+00  0.131740E+00
gaussian 1 1  0.290120E+00
gaussian 1 1  0.138250E+00
gaussian 1 1  0.645940E-01
gaussian 1 1  0.283540E-01
gaussian 1 1  0.114420E-01
gaussian 2 1  0.195200E+02
gaussian 2 1  0.558000E+01
gaussian 2 1  0.192000E+01
gaussian 2 1  0.690000E+00
gaussian 2 1  0.299000E+00
gaussian 2 1  0.125000E+00
gaussian 2 1  0.343260E-01
gaussian 3 1  0.264000E+01
gaussian 3 1  0.620000E+00
gaussian 3 1  0.260000E+00
gaussian 3 1  0.457680E-01
gaussian 4 1  0.135000E+01
gaussian 4 1  0.450000E+00
gaussian 4 1  0.572110E-01
gaussian 5 1  0.780000E+00
gaussian 5 1  0.686530E-01
