Ar     0 
S   13   1.00
 545000.0000000              0.455828E-04     
  81640.0000000              0.354108E-03     
  18580.0000000              0.185797E-02     
   5261.0000000              0.776851E-02     
   1717.0000000              0.274232E-01     
    619.9000000              0.823836E-01     
    241.6000000              0.201230E+00     
     99.7900000              0.356781E+00     
     43.1500000              0.349563E+00     
     19.1400000              0.118266E+00     
      7.4880000              0.560190E-02     
      3.2050000              0.483473E-03     
      0.5204000              0.292025E-04     
S   13   1.00
 545000.0000000             -0.129551E-04     
  81640.0000000             -0.100428E-03     
  18580.0000000             -0.529583E-03     
   5261.0000000             -0.221396E-02     
   1717.0000000             -0.796845E-02     
    619.9000000             -0.245803E-01     
    241.6000000             -0.657798E-01     
     99.7900000             -0.137942E+00     
     43.1500000             -0.201630E+00     
     19.1400000             -0.412834E-01     
      7.4880000              0.484680E+00     
      3.2050000              0.579224E+00     
      0.5204000             -0.727553E-02     
S   13   1.00
 545000.0000000              0.404990E-05     
  81640.0000000              0.313691E-04     
  18580.0000000              0.165646E-03     
   5261.0000000              0.691662E-03     
   1717.0000000              0.249790E-02     
    619.9000000              0.771074E-02     
    241.6000000              0.208714E-01     
     99.7900000              0.443965E-01     
     43.1500000              0.680224E-01     
     19.1400000              0.141350E-01     
      7.4880000             -0.207489E+00     
      3.2050000             -0.425045E+00     
      0.5204000              0.733627E+00     
S   1   1.00
      1.1960000              1.0000000        
S   1   1.00
      0.1954000              1.0000000        
S   1   1.00
      0.0685000              1.0000000        
P   7   1.00
    761.8000000              0.236976E-02     
    180.2000000              0.190199E-01     
     57.5000000              0.880807E-01     
     21.2400000              0.256377E+00     
      8.3880000              0.438711E+00     
      3.4160000              0.347569E+00     
      0.4523000             -0.523882E-02     
P   7   1.00
    761.8000000             -0.667211E-03     
    180.2000000             -0.532717E-02     
     57.5000000             -0.255494E-01     
     21.2400000             -0.757197E-01     
      8.3880000             -0.141133E+00     
      3.4160000             -0.932768E-01     
      0.4523000              0.562450E+00     
P   1   1.00
      1.2060000              1.0000000        
P   1   1.00
      0.1545000              1.0000000        
P   1   1.00
      0.0487000              1.0000000        
D   1   1.00
      0.4100000              1.0000000        
D   1   1.00
      1.2540000              1.0000000        
D   1   1.00
      0.1690000              1.0000000        
F   1   1.00
      0.8900000              1.0000000        
F   1   1.00
      0.4060000              1.0000000        
