# pc-4
  species        Al
#     global species definitions
    nucleus             13
    mass                26.9815386
#
    l_hartree           8
#
    cut_pot             4.0          2.0  1.0
    basis_dep_cutoff    0.d0
#
    radial_base         41 7.0
    radial_multiplier   6
    angular_grids       specified
      division   0.6594  110
      division   0.8170  194
      division   0.9059  302
      division   1.0363  434
      division   1.1443  590
#      division   1.2621  770
#      division   2.8177  974
#      outer_grid   974
      outer_grid   590
################################################################################
#
#  Definition of "minimal" basis
#
################################################################################
#     valence basis states
    valence      3  s   2.
    valence      3  p   1.
#     ion occupancy
    ion_occ      3  s   1.
    ion_occ      2  p   6.

    include_min_basis   .false.
    pure_gauss          .true.

gaussian 0 15
  0.384520E+07  0.175380E-05
  0.575260E+06  0.136540E-04
  0.130860E+06  0.718690E-04
  0.370630E+05  0.303550E-03
  0.120940E+05  0.110600E-02
  0.436680E+04  0.360350E-02
  0.170360E+04  0.107020E-01
  0.707130E+03  0.290360E-01
  0.308970E+03  0.710450E-01
  0.140710E+03  0.151950E+00
  0.659170E+02  0.267920E+00
  0.317300E+02  0.329140E+00
  0.155870E+02  0.229980E+00
  0.763820E+01  0.574330E-01
  0.354540E+01  0.402600E-03
gaussian 0 11
  0.436680E+04  -0.113250E-04
  0.170360E+04  -0.600500E-04
  0.707130E+03  -0.463440E-03
  0.308970E+03  -0.237800E-02
  0.140710E+03  -0.118420E-01
  0.659170E+02  -0.456750E-01
  0.317300E+02  -0.118640E+00
  0.155870E+02  -0.190880E+00
  0.763820E+01  0.124210E+00
  0.354540E+01  0.723530E+00
  0.166790E+01  0.756650E+00
gaussian 0 13
  0.120940E+05  -0.109120E-05
  0.436680E+04  -0.104990E-04
  0.170360E+04  -0.786800E-04
  0.707130E+03  -0.520230E-03
  0.308970E+03  -0.291520E-02
  0.140710E+03  -0.138480E-01
  0.659170E+02  -0.549680E-01
  0.317300E+02  -0.138500E+00
  0.155870E+02  -0.226630E+00
  0.763820E+01  0.154540E+00
  0.354540E+01  0.758440E+00
  0.166790E+01  0.531340E+00
  0.769390E+00  -0.503620E+00
gaussian 0 1  0.279170E+00
gaussian 0 1  0.140160E+00
gaussian 0 1  0.703360E-01
gaussian 0 1  0.336600E-01
gaussian 1 11
  0.568730E+04  0.199820E-04
  0.436380E+03  0.103710E-02
  0.134520E+04  0.177280E-03
  0.165450E+03  0.470060E-02
  0.686190E+02  0.174270E-01
  0.318750E+02  0.466430E-01
  0.154320E+02  0.112240E+00
  0.775700E+01  0.204570E+00
  0.392560E+01  0.298280E+00
  0.197640E+01  0.301420E+00
  0.999180E+00  0.189050E+00
gaussian 1 10
  0.134520E+04  0.100950E-04
  0.165450E+03  0.228580E-03
  0.686190E+02  -0.265280E-03
  0.318750E+02  0.155100E-02
  0.154320E+02  -0.904470E-02
  0.775700E+01  -0.361670E-02
  0.392560E+01  -0.704860E-01
  0.197640E+01  -0.117160E-01
  0.999180E+00  0.440730E-01
  0.506300E+00  0.553100E+00
gaussian 1 1  0.258470E+00
gaussian 1 1  0.115660E+00
gaussian 1 1  0.510480E-01
gaussian 1 1  0.212000E-01
gaussian 2 1  0.178100E+02
gaussian 2 1  0.509000E+01
gaussian 2 1  0.175000E+01
gaussian 2 1  0.630000E+00
gaussian 2 1  0.270000E+00
gaussian 2 1  0.110000E+00
gaussian 3 1  0.217000E+01
gaussian 3 1  0.510000E+00
gaussian 3 1  0.210000E+00
gaussian 4 1  0.114000E+01
gaussian 4 1  0.380000E+00
gaussian 5 1  0.690000E+00
