# pc-4
  species        P
#     global species definitions
    nucleus             15
    mass                30.973762
#
    l_hartree           8
#
    cut_pot             4.0          2.0  1.0
    basis_dep_cutoff    0.d0
#
    radial_base         43 7.0
    radial_multiplier   6
    angular_grids       specified
      division   0.5238  110
      division   0.6544  194
      division   0.7277  302
      division   0.8489  434
      division   0.9855  590
#      division   1.0863  770
#      division   2.6016  974
#      outer_grid  974
      outer_grid  590
################################################################################
#
#  Definition of "minimal" basis
#
################################################################################
#     valence basis states
    valence      3  s   2.
    valence      3  p   3.
#     ion occupancy
    ion_occ      3  s   1.
    ion_occ      3  p   2.

    include_min_basis   .false.
    pure_gauss          .true.

gaussian 0 15
  0.526250E+07  0.167230E-05
  0.822130E+06  0.122070E-04
  0.194250E+06  0.614400E-04
  0.564240E+05  0.253220E-03
  0.187160E+05  0.907520E-03
  0.683930E+04  0.292300E-02
  0.269310E+04  0.861380E-02
  0.112650E+04  0.233290E-01
  0.495210E+03  0.576410E-01
  0.226380E+03  0.126940E+00
  0.106620E+03  0.234080E+00
  0.519050E+02  0.318050E+00
  0.258510E+02  0.270020E+00
  0.130220E+02  0.101970E+00
  0.605680E+01  0.808990E-02
gaussian 0 12
  0.187160E+05  -0.879610E-06
  0.683930E+04  -0.119970E-05
  0.269310E+04  -0.367780E-04
  0.112650E+04  -0.164670E-03
  0.495210E+03  -0.118610E-02
  0.226380E+03  -0.509360E-02
  0.106620E+03  -0.229390E-01
  0.519050E+02  -0.595030E-01
  0.258510E+02  -0.125320E+00
  0.130220E+02  -0.340880E-02
  0.605680E+01  0.334610E+00
  0.295740E+01  0.503800E+00
gaussian 0 12
  0.683930E+04  -0.485950E-05
  0.269310E+04  -0.378590E-04
  0.112650E+04  -0.240170E-03
  0.495210E+03  -0.138650E-02
  0.226380E+03  -0.661190E-02
  0.106620E+03  -0.278470E-01
  0.519050E+02  -0.765660E-01
  0.258510E+02  -0.155270E+00
  0.130220E+02  -0.171240E-01
  0.605680E+01  0.488420E+00
  0.295740E+01  0.908950E+00
  0.140780E+01  0.536490E+00
gaussian 0 1  0.571870E+00
gaussian 0 1  0.310780E+00
gaussian 0 1  0.149470E+00
gaussian 0 1  0.683130E-01
gaussian 1 11
  0.774860E+04  0.208700E-04
  0.183360E+04  0.185960E-03
  0.595550E+03  0.107990E-02
  0.226610E+03  0.489460E-02
  0.941910E+02  0.183200E-01
  0.433320E+02  0.506690E-01
  0.209070E+02  0.121560E+00
  0.105020E+02  0.219310E+00
  0.542550E+01  0.296400E+00
  0.288180E+01  0.281790E+00
  0.152840E+01  0.178530E+00
gaussian 1 11
  0.183360E+04  0.817170E-06
  0.595550E+03  -0.284830E-06
  0.226610E+03  0.159730E-04
  0.941910E+02  -0.473960E-04
  0.433320E+02  0.117440E-05
  0.209070E+02  -0.158320E-02
  0.105020E+02  -0.181170E-02
  0.542550E+01  -0.134650E-01
  0.288180E+01  0.615030E-02
  0.152840E+01  -0.714440E-02
  0.810810E+00  0.143150E+00
gaussian 1 1  0.390280E+00
gaussian 1 1  0.186450E+00
gaussian 1 1  0.875670E-01
gaussian 1 1  0.386730E-01
gaussian 2 1  0.212300E+02
gaussian 2 1  0.607000E+01
gaussian 2 1  0.209000E+01
gaussian 2 1  0.750000E+00
gaussian 2 1  0.325000E+00
gaussian 2 1  0.135000E+00
gaussian 3 1  0.312000E+01
gaussian 3 1  0.730000E+00
gaussian 3 1  0.300000E+00
gaussian 4 1  0.155000E+01
gaussian 4 1  0.520000E+00
gaussian 5 1  0.870000E+00
