# pc-4
  species        S
#     global species definitions
    nucleus             16
    mass                32.065
#
    l_hartree           8
#
    cut_pot             4.0          2.0  1.0
    basis_dep_cutoff    0.d0
#
    radial_base         44 7.0
    radial_multiplier   6
    angular_grids       specified
      division   0.4665  110
      division   0.5810  194
      division   0.7139  302
      division   0.8274  434
      division   0.9105  590
#      division   1.0975  770
#      division   1.2028  974
#      outer_grid  974
      outer_grid  590
################################################################################
#
#  Definition of "minimal" basis
#
################################################################################
#     valence basis states
    valence      3  s   2.
    valence      3  p   4.
#     ion occupancy
    ion_occ      3  s   1.
    ion_occ      3  p   3.

    include_min_basis   .false.
    pure_gauss          .true.

gaussian 0 15
  0.635920E+07  0.155750E-05
  0.983890E+06  0.115630E-04
  0.229770E+06  0.590170E-04
  0.662760E+05  0.244740E-03
  0.218840E+05  0.881590E-03
  0.796960E+04  0.284940E-02
  0.312990E+04  0.842730E-02
  0.130520E+04  0.229510E-01
  0.571700E+03  0.570380E-01
  0.260580E+03  0.126160E+00
  0.122480E+03  0.233730E+00
  0.595180E+02  0.318830E+00
  0.296270E+02  0.270980E+00
  0.149430E+02  0.102170E+00
  0.704790E+01  0.813260E-02
gaussian 0 12
  0.218840E+05  -0.824570E-06
  0.796960E+04  -0.103270E-05
  0.312990E+04  -0.341210E-04
  0.130520E+04  -0.151870E-03
  0.571700E+03  -0.110930E-02
  0.260580E+03  -0.479670E-02
  0.122480E+03  -0.216820E-01
  0.595180E+02  -0.569080E-01
  0.296270E+02  -0.119150E+00
  0.149430E+02  -0.271680E-02
  0.704790E+01  0.303650E+00
  0.350400E+01  0.475880E+00
gaussian 0 12
  0.796960E+04  -0.281560E-05
  0.312990E+04  -0.210790E-04
  0.130520E+04  -0.137090E-03
  0.571700E+03  -0.789350E-03
  0.260580E+03  -0.382300E-02
  0.122480E+03  -0.160720E-01
  0.595180E+02  -0.449220E-01
  0.296270E+02  -0.901370E-01
  0.149430E+02  -0.106310E-01
  0.704790E+01  0.276870E+00
  0.350400E+01  0.519600E+00
  0.169970E+01  0.309910E+00
gaussian 0 1  0.731010E+00
gaussian 0 1  0.379480E+00
gaussian 0 1  0.181850E+00
gaussian 0 1  0.839610E-01
gaussian 1 11
  0.934140E+04  0.194930E-04
  0.220860E+04  0.174320E-03
  0.716270E+03  0.101610E-02
  0.272510E+03  0.461720E-02
  0.113770E+03  0.171630E-01
  0.525710E+02  0.481320E-01
  0.253970E+02  0.117040E+00
  0.127700E+02  0.216020E+00
  0.662240E+01  0.295280E+00
  0.353880E+01  0.288250E+00
  0.187560E+01  0.179820E+00
gaussian 1 11
  0.220860E+04  0.610440E-06
  0.716270E+03  -0.337610E-06
  0.272510E+03  0.106260E-04
  0.113770E+03  -0.501760E-04
  0.525710E+02  -0.780470E-04
  0.253970E+02  -0.161880E-02
  0.127700E+02  -0.265510E-02
  0.662240E+01  -0.137770E-01
  0.353880E+01  0.242460E-02
  0.187560E+01  0.585720E-03
  0.990180E+00  0.165180E+00
gaussian 1 1  0.477230E+00
gaussian 1 1  0.226920E+00
gaussian 1 1  0.104730E+00
gaussian 1 1  0.453030E-01
gaussian 2 1  0.229300E+02
gaussian 2 1  0.655000E+01
gaussian 2 1  0.226000E+01
gaussian 2 1  0.810000E+00
gaussian 2 1  0.351000E+00
gaussian 2 1  0.146000E+00
gaussian 3 1  0.359000E+01
gaussian 3 1  0.840000E+00
gaussian 3 1  0.350000E+00
gaussian 4 1  0.176000E+01
gaussian 4 1  0.590000E+00
gaussian 5 1  0.950000E+00
