# pc-4
  species        Cl
#     global species definitions
    nucleus             17
    mass                35.453
#
    l_hartree           8
#
    cut_pot             4.0          2.0  1.0
    basis_dep_cutoff    0.d0
#
    radial_base         45 7.0
    radial_multiplier   6
    angular_grids       specified
      division   0.4412  110
      division   0.5489  194
      division   0.6734  302
      division   0.7794  434
      division   0.9402  590
#      division   1.0779  770
#      division   1.1792  974
#      outer_grid  974
      outer_grid  590
################################################################################
#
#  Definition of "minimal" basis
#
################################################################################
#     valence basis states
    valence      3  s   2.
    valence      3  p   5.
#     ion occupancy
    ion_occ      3  s   1.
    ion_occ      3  p   4.

    include_min_basis   .false.
    pure_gauss          .true.

gaussian 0 15
  0.742120E+07  0.149920E-05
  0.114110E+07  0.112430E-04
  0.264430E+06  0.580000E-04
  0.757910E+05  0.242150E-03
  0.249250E+05  0.875500E-03
  0.905260E+04  0.283760E-02
  0.354810E+04  0.840860E-02
  0.147800E+04  0.229060E-01
  0.647350E+03  0.568950E-01
  0.295330E+03  0.125690E+00
  0.138980E+03  0.233270E+00
  0.675490E+02  0.318940E+00
  0.336610E+02  0.271170E+00
  0.170270E+02  0.102470E+00
  0.815040E+01  0.830670E-02
gaussian 0 12
  0.249250E+05  -0.133580E-05
  0.905260E+04  -0.184400E-05
  0.354810E+04  -0.581690E-04
  0.147800E+04  -0.266340E-03
  0.647350E+03  -0.191720E-02
  0.295330E+03  -0.835970E-02
  0.138980E+03  -0.375020E-01
  0.675490E+02  -0.994950E-01
  0.336610E+02  -0.206400E+00
  0.170270E+02  -0.520630E-02
  0.815040E+01  0.500480E+00
  0.413190E+01  0.833320E+00
gaussian 0 12
  0.905260E+04  -0.370580E-05
  0.354810E+04  -0.292350E-04
  0.147800E+04  -0.189020E-03
  0.647350E+03  -0.109400E-02
  0.295330E+03  -0.529080E-02
  0.138980E+03  -0.222050E-01
  0.675490E+02  -0.624550E-01
  0.336610E+02  -0.124390E+00
  0.170270E+02  -0.149730E-01
  0.815040E+01  0.364400E+00
  0.413190E+01  0.687170E+00
  0.204570E+01  0.393430E+00
gaussian 0 1  0.940290E+00
gaussian 0 1  0.469010E+00
gaussian 0 1  0.222190E+00
gaussian 0 1  0.102200E+00
gaussian 1 11
  0.110350E+05  0.185140E-04
  0.261150E+04  0.165270E-03
  0.848020E+03  0.962330E-03
  0.323000E+03  0.437770E-02
  0.135330E+03  0.162180E-01
  0.626840E+02  0.461040E-01
  0.302980E+02  0.113480E+00
  0.152400E+02  0.213530E+00
  0.792590E+01  0.294380E+00
  0.428530E+01  0.287780E+00
  0.230430E+01  0.182690E+00
gaussian 1 11
  0.261150E+04  0.561370E-06
  0.848020E+03  -0.348440E-06
  0.323000E+03  0.920070E-05
  0.135330E+03  -0.511180E-04
  0.626840E+02  -0.105970E-03
  0.302980E+02  -0.166890E-02
  0.152400E+02  -0.309980E-02
  0.792590E+01  -0.146280E-01
  0.428530E+01  0.123450E-02
  0.230430E+01  0.153150E-02
  0.123570E+01  0.169930E+00
gaussian 1 1  0.600210E+00
gaussian 1 1  0.287390E+00
gaussian 1 1  0.131850E+00
gaussian 1 1  0.569700E-01
gaussian 2 1  0.246300E+02
gaussian 2 1  0.704000E+01
gaussian 2 1  0.243000E+01
gaussian 2 1  0.870000E+00
gaussian 2 1  0.377000E+00
gaussian 2 1  0.157000E+00
gaussian 3 1  0.406000E+01
gaussian 3 1  0.950000E+00
gaussian 3 1  0.390000E+00
gaussian 4 1  0.197000E+01
gaussian 4 1  0.660000E+00
gaussian 5 1  0.104000E+01
