Ar     0 
S   10   1.00
 1673421.9494000             0.11245990413E-04      
 250601.7537300              0.87428115798E-04      
  57030.9121200              0.45961641275E-03      
  16153.3039150              0.19363890742E-02      
   5269.4109288              0.69994046497E-02      
   1902.0315541              0.22312068196E-01      
    741.57677159             0.62808077697E-01      
    307.20901906             0.15101140997    
    133.52786203             0.28713661177    
     60.253381291            0.36385490107    
S   3   1.00
    522.02426206             0.18071323116E-01      
    161.51290469             0.16449219884    
     62.126369433            0.63897334899    
S   1   1.00
     27.590930012            1.0000000        
S   1   1.00
     11.175528881            1.0000000        
S   1   1.00
      5.2959065137           1.0000000        
S   1   1.00
      2.4782798895           1.0000000        
S   1   1.00
      0.91262095059          1.0000000        
S   1   1.00
      0.40426067549          1.0000000        
S   1   1.00
      0.16562886306          1.0000000        
P   8   1.00
   2868.4504581              0.24010435121E-03      
    679.71869590             0.20904788665E-02      
    220.36758824             0.11369316839E-01      
     83.620439734            0.44901977398E-01      
     34.964322657            0.13237156770    
     15.525131784            0.27709277600    
      7.0992979806           0.38613979646    
      3.3021336602           0.28492925372    
P   2   1.00
    128.78765667            -0.30509457751E-01      
      8.4357867977           0.64101621070    
P   1   1.00
      1.4618661855           1.0000000        
P   1   1.00
      0.64658010096          1.0000000        
P   1   1.00
      0.27229295755          1.0000000        
P   1   1.00
      0.10905182449          1.0000000        
D   1   1.00
      6.31500000             1.0000000        
D   1   1.00
      1.56200000             1.0000000        
D   1   1.00
      0.715000000            1.0000000        
D   1   1.00
      0.297000000            1.0000000        
F   1   1.00
      0.543000000            1.0000000        
F   1   1.00
      1.32500000             1.0000000        
G   1   1.00
      1.00700000             1.0000000        
