Ar     0 
S   16   1.00
 7401000.0000000             0.00000175       
 1108000.0000000             0.00001361       
 252100.0000000              0.00007163       
  71380.0000000              0.00030303       
  23260.0000000              0.00110608       
   8390.0000000              0.00360671       
   3271.0000000              0.01071321       
   1357.0000000              0.02910677       
    592.0000000              0.07166011       
    269.1000000              0.15414053       
    126.5000000              0.27041707       
     61.0300000              0.33485470       
     29.8600000              0.22434631       
     14.1700000              0.05000284       
      7.0220000              0.00006459       
      3.5110000              0.00168641       
S   16   1.00
 7401000.0000000            -0.00000050       
 1108000.0000000            -0.00000387       
 252100.0000000             -0.00002034       
  71380.0000000             -0.00008609       
  23260.0000000             -0.00031444       
   8390.0000000             -0.00102841       
   3271.0000000             -0.00307267       
   1357.0000000             -0.00847532       
    592.0000000             -0.02152008       
    269.1000000             -0.04944932       
    126.5000000             -0.09877592       
     61.0300000             -0.15830822       
     29.8600000             -0.15140298       
     14.1700000              0.05824264       
      7.0220000              0.42938305       
      3.5110000              0.49908884       
S   16   1.00
 7401000.0000000             0.00000016       
 1108000.0000000             0.00000121       
 252100.0000000              0.00000636       
  71380.0000000              0.00002689       
  23260.0000000              0.00009834       
   8390.0000000              0.00032129       
   3271.0000000              0.00096200       
   1357.0000000              0.00265245       
    592.0000000              0.00677035       
    269.1000000              0.01561727       
    126.5000000              0.03171666       
     61.0300000              0.05199742       
     29.8600000              0.05247514       
     14.1700000             -0.02264147       
      7.0220000             -0.18606229       
      3.5110000             -0.35014547       
S   1   1.00
      1.7580000              1.0000000        
S   1   1.00
      0.7841000              1.0000000        
S   1   1.00
      0.3480000              1.0000000        
S   1   1.00
      0.1491000              1.0000000        
S   1   1.00
      0.0538000              1.0000000        
P   8   1.00
   2927.0000000              0.00023199       
    693.5000000              0.00202329       
    224.7000000              0.01103401       
     85.1700000              0.04383970       
     35.5300000              0.13035904       
     15.7300000              0.27574991       
      7.1650000              0.38764330       
      3.3220000              0.28740741       
P   8   1.00
   2927.0000000             -0.00006491       
    693.5000000             -0.00056531       
    224.7000000             -0.00310988       
     85.1700000             -0.01246964       
     35.5300000             -0.03822465       
     15.7300000             -0.08307918       
      7.1650000             -0.12459409       
      3.3220000             -0.08329713       
P   1   1.00
      1.4780000              1.0000000        
P   1   1.00
      0.6552000              1.0000000        
P   1   1.00
      0.2751000              1.0000000        
P   1   1.00
      0.1097000              1.0000000        
P   1   1.00
      0.0402000              1.0000000        
D   1   1.00
      0.3090000              1.0000000        
D   1   1.00
      0.7700000              1.0000000        
D   1   1.00
      1.9170000              1.0000000        
D   1   1.00
      4.7760000              1.0000000        
D   1   1.00
      0.1210000              1.0000000        
F   1   1.00
      0.4080000              1.0000000        
F   1   1.00
      0.8250000              1.0000000        
F   1   1.00
      1.6680000              1.0000000        
F   1   1.00
      0.2090000              1.0000000        
G   1   1.00
      0.6650000              1.0000000        
G   1   1.00
      1.5620000              1.0000000        
G   1   1.00
      0.3340000              1.0000000        
H   1   1.00
      1.2640000              1.0000000        
H   1   1.00
      0.7420000              1.0000000        
