Ar     0 
S   11   1.00
 7401000.0000000             0.0000018        
 1108000.0000000             0.0000136        
 252100.0000000              0.0000716        
  71380.0000000              0.0003030        
  23260.0000000              0.0011061        
   8390.0000000              0.0036067        
   3271.0000000              0.0107132        
   1357.0000000              0.0291068        
    592.0000000              0.0716601        
    269.1000000              0.1541405        
    126.5000000              0.2704171        
S   11   1.00
 7401000.0000000            -0.0000005        
 1108000.0000000            -0.0000039        
 252100.0000000             -0.0000203        
  71380.0000000             -0.0000861        
  23260.0000000             -0.0003144        
   8390.0000000             -0.0010284        
   3271.0000000             -0.0030727        
   1357.0000000             -0.0084753        
    592.0000000             -0.0215201        
    269.1000000             -0.0494493        
    126.5000000             -0.0987759        
S   1   1.00
     61.0300000              1.0000000        
S   1   1.00
     29.8600000              1.0000000        
S   1   1.00
     14.1700000              1.0000000        
S   1   1.00
      7.0220000              1.0000000        
S   1   1.00
      3.5110000              1.0000000        
S   1   1.00
      1.7580000              1.0000000        
S   1   1.00
      0.7841000              1.0000000        
S   1   1.00
      0.3480000              1.0000000        
S   1   1.00
      0.1491000              1.0000000        
S   1   1.00
      0.0538000              1.0000000        
P   3   1.00
   2927.0000000              0.0002320        
    693.5000000              0.0020233        
    224.7000000              0.0110340        
P   1   1.00
     85.1700000              1.0000000        
P   1   1.00
     35.5300000              1.0000000        
P   1   1.00
     15.7300000              1.0000000        
P   1   1.00
      7.1650000              1.0000000        
P   1   1.00
      3.3220000              1.0000000        
P   1   1.00
      1.4780000              1.0000000        
P   1   1.00
      0.6552000              1.0000000        
P   1   1.00
      0.2751000              1.0000000        
P   1   1.00
      0.1097000              1.0000000        
P   1   1.00
      0.0402000              1.0000000        
D   1   1.00
      0.3090000              1.0000000        
D   1   1.00
      0.7700000              1.0000000        
D   1   1.00
      1.9170000              1.0000000        
D   1   1.00
      4.7760000              1.0000000        
D   1   1.00
     76.8080000              1.0000000        
D   1   1.00
     38.7370000              1.0000000        
D   1   1.00
     19.5370000              1.0000000        
D   1   1.00
      9.8530000              1.0000000        
D   1   1.00
      0.1210000              1.0000000        
F   1   1.00
      0.4080000              1.0000000        
F   1   1.00
      0.8250000              1.0000000        
F   1   1.00
      1.6680000              1.0000000        
F   1   1.00
     35.8730000              1.0000000        
F   1   1.00
     15.1400000              1.0000000        
F   1   1.00
      6.3900000              1.0000000        
F   1   1.00
      0.2090000              1.0000000        
G   1   1.00
      0.6650000              1.0000000        
G   1   1.00
      1.5620000              1.0000000        
G   1   1.00
     26.5600000              1.0000000        
G   1   1.00
     10.3060000              1.0000000        
G   1   1.00
      0.3340000              1.0000000        
H   1   1.00
      1.2640000              1.0000000        
H   1   1.00
     21.1040000              1.0000000        
H   1   1.00
      0.7420000              1.0000000        
