****
B     0 
S   9   1.00
  23870.0000000              0.0000880        
   3575.0000000              0.0006870        
    812.8000000              0.0036000        
    229.7000000              0.0149490        
     74.6900000              0.0514350        
     26.8100000              0.1433020        
     10.3200000              0.3009350        
      4.1780000              0.4035260        
      1.7270000              0.2253400        
S   9   1.00
  23870.0000000             -0.0000180        
   3575.0000000             -0.0001390        
    812.8000000             -0.0007250        
    229.7000000             -0.0030630        
     74.6900000             -0.0105810        
     26.8100000             -0.0313650        
     10.3200000             -0.0710120        
      4.1780000             -0.1321030        
      1.7270000             -0.1230720        
S   1   1.00
      0.4704000              1.0000000        
S   1   1.00
      0.1896000              1.0000000        
S   1   1.00
      0.0739400              1.0000000        
S   1   1.00
      4.8640000              1.0000000        
S   1   1.00
     13.2880000              1.0000000        
S   1   1.00
     36.3040000              1.0000000        
S   1   1.00
      0.0272100              1.0000000        
P   3   1.00
     22.2600000              0.0050950        
      5.0580000              0.0332060        
      1.4870000              0.1323140        
P   1   1.00
      0.5071000              1.0000000        
P   1   1.00
      0.1812000              1.0000000        
P   1   1.00
      0.0646300              1.0000000        
P   1   1.00
      5.4890000              1.0000000        
P   1   1.00
     16.3020000              1.0000000        
P   1   1.00
     48.4180000              1.0000000        
P   1   1.00
      0.0187800              1.0000000        
D   1   1.00
      1.1100000              1.0000000        
D   1   1.00
      0.4020000              1.0000000        
D   1   1.00
      0.1450000              1.0000000        
D   1   1.00
      6.6400000              1.0000000        
D   1   1.00
     24.4620000              1.0000000        
D   1   1.00
      0.0466000              1.0000000        
F   1   1.00
      0.8820000              1.0000000        
F   1   1.00
      0.3110000              1.0000000        
F   1   1.00
     18.7940000              1.0000000        
F   1   1.00
      0.1130000              1.0000000        
G   1   1.00
      0.6730000              1.0000000        
G   1   1.00
      0.2730000              1.0000000        
****
C     0 
S   9   1.00
  33980.0000000              0.0000910        
   5089.0000000              0.0007040        
   1157.0000000              0.0036930        
    326.6000000              0.0153600        
    106.1000000              0.0529290        
     38.1100000              0.1470430        
     14.7500000              0.3056310        
      6.0350000              0.3993450        
      2.5300000              0.2170510        
S   9   1.00
  33980.0000000             -0.0000190        
   5089.0000000             -0.0001510        
   1157.0000000             -0.0007850        
    326.6000000             -0.0033240        
    106.1000000             -0.0115120        
     38.1100000             -0.0341600        
     14.7500000             -0.0771730        
      6.0350000             -0.1414930        
      2.5300000             -0.1180190        
S   1   1.00
      0.7355000              1.0000000        
S   1   1.00
      0.2905000              1.0000000        
S   1   1.00
      0.1111000              1.0000000        
S   1   1.00
      7.2160000              1.0000000        
S   1   1.00
     19.5700000              1.0000000        
S   1   1.00
     53.0730000              1.0000000        
S   1   1.00
      0.0414500              1.0000000        
P   3   1.00
     34.5100000              0.0053780        
      7.9150000              0.0361320        
      2.3680000              0.1424930        
P   1   1.00
      0.8132000              1.0000000        
P   1   1.00
      0.2890000              1.0000000        
P   1   1.00
      0.1007000              1.0000000        
P   1   1.00
      8.1820000              1.0000000        
P   1   1.00
     24.1860000              1.0000000        
P   1   1.00
     71.4940000              1.0000000        
P   1   1.00
      0.0321800              1.0000000        
D   1   1.00
      1.8480000              1.0000000        
D   1   1.00
      0.6490000              1.0000000        
D   1   1.00
      0.2280000              1.0000000        
D   1   1.00
      8.6560000              1.0000000        
D   1   1.00
     33.2130000              1.0000000        
D   1   1.00
      0.0766000              1.0000000        
F   1   1.00
      1.4190000              1.0000000        
F   1   1.00
      0.4850000              1.0000000        
F   1   1.00
     24.6940000              1.0000000        
F   1   1.00
      0.1870000              1.0000000        
G   1   1.00
      1.0110000              1.0000000        
G   1   1.00
      0.4240000              1.0000000        
****
N     0 
S   9   1.00
  45840.0000000              0.0000920        
   6868.0000000              0.0007170        
   1563.0000000              0.0037490        
    442.4000000              0.0155320        
    144.3000000              0.0531460        
     52.1800000              0.1467870        
     20.3400000              0.3046630        
      8.3810000              0.3976840        
      3.5290000              0.2176410        
S   9   1.00
  45840.0000000             -0.0000200        
   6868.0000000             -0.0001590        
   1563.0000000             -0.0008240        
    442.4000000             -0.0034780        
    144.3000000             -0.0119660        
     52.1800000             -0.0353880        
     20.3400000             -0.0800770        
      8.3810000             -0.1467220        
      3.5290000             -0.1163600        
S   1   1.00
      1.0540000              1.0000000        
S   1   1.00
      0.4118000              1.0000000        
S   1   1.00
      0.1552000              1.0000000        
S   1   1.00
      9.8620000              1.0000000        
S   1   1.00
     26.6270000              1.0000000        
S   1   1.00
     71.8940000              1.0000000        
S   1   1.00
      0.0546400              1.0000000        
P   3   1.00
     49.3300000              0.0055330        
     11.3700000              0.0379620        
      3.4350000              0.1490280        
P   1   1.00
      1.1820000              1.0000000        
P   1   1.00
      0.4173000              1.0000000        
P   1   1.00
      0.1428000              1.0000000        
P   1   1.00
     11.3200000              1.0000000        
P   1   1.00
     33.3490000              1.0000000        
P   1   1.00
     98.2450000              1.0000000        
P   1   1.00
      0.0440200              1.0000000        
D   1   1.00
      2.8370000              1.0000000        
D   1   1.00
      0.9680000              1.0000000        
D   1   1.00
      0.3350000              1.0000000        
D   1   1.00
     11.8280000              1.0000000        
D   1   1.00
     45.2180000              1.0000000        
D   1   1.00
      0.1110000              1.0000000        
F   1   1.00
      2.0270000              1.0000000        
F   1   1.00
      0.6850000              1.0000000        
F   1   1.00
     28.3640000              1.0000000        
F   1   1.00
      0.2450000              1.0000000        
G   1   1.00
      1.4270000              1.0000000        
G   1   1.00
      0.5590000              1.0000000        
****
O     0 
S   9   1.00
  61420.0000000              0.0000900        
   9199.0000000              0.0006980        
   2091.0000000              0.0036640        
    590.9000000              0.0152180        
    192.3000000              0.0524230        
     69.3200000              0.1459210        
     26.9700000              0.3052580        
     11.1000000              0.3985080        
      4.6820000              0.2169800        
S   9   1.00
  61420.0000000             -0.0000200        
   9199.0000000             -0.0001590        
   2091.0000000             -0.0008290        
    590.9000000             -0.0035080        
    192.3000000             -0.0121560        
     69.3200000             -0.0362610        
     26.9700000             -0.0829920        
     11.1000000             -0.1520900        
      4.6820000             -0.1153310        
S   1   1.00
      1.4280000              1.0000000        
S   1   1.00
      0.5547000              1.0000000        
S   1   1.00
      0.2067000              1.0000000        
S   1   1.00
     12.9740000              1.0000000        
S   1   1.00
     34.9000000              1.0000000        
S   1   1.00
     93.8810000              1.0000000        
S   1   1.00
      0.0695900              1.0000000        
P   3   1.00
     63.4200000              0.0060440        
     14.6600000              0.0417990        
      4.4590000              0.1611430        
P   1   1.00
      1.5310000              1.0000000        
P   1   1.00
      0.5302000              1.0000000        
P   1   1.00
      0.1750000              1.0000000        
P   1   1.00
     14.4750000              1.0000000        
P   1   1.00
     42.7300000              1.0000000        
P   1   1.00
    126.1400000              1.0000000        
P   1   1.00
      0.0534800              1.0000000        
D   1   1.00
      3.7750000              1.0000000        
D   1   1.00
      1.3000000              1.0000000        
D   1   1.00
      0.4440000              1.0000000        
D   1   1.00
     14.9270000              1.0000000        
D   1   1.00
     57.5440000              1.0000000        
D   1   1.00
      0.1540000              1.0000000        
F   1   1.00
      2.6660000              1.0000000        
F   1   1.00
      0.8590000              1.0000000        
F   1   1.00
     26.4830000              1.0000000        
F   1   1.00
      0.3240000              1.0000000        
G   1   1.00
      1.8460000              1.0000000        
G   1   1.00
      0.7140000              1.0000000        
****
F     0 
S   9   1.00
  74530.0000000              0.0000950        
  11170.0000000              0.0007380        
   2543.0000000              0.0038580        
    721.0000000              0.0159260        
    235.9000000              0.0542890        
     85.6000000              0.1495130        
     33.5500000              0.3082520        
     13.9300000              0.3948530        
      5.9150000              0.2110310        
S   9   1.00
  74530.0000000             -0.0000220        
  11170.0000000             -0.0001720        
   2543.0000000             -0.0008910        
    721.0000000             -0.0037480        
    235.9000000             -0.0128620        
     85.6000000             -0.0380610        
     33.5500000             -0.0862390        
     13.9300000             -0.1558650        
      5.9150000             -0.1109140        
S   1   1.00
      1.8430000              1.0000000        
S   1   1.00
      0.7124000              1.0000000        
S   1   1.00
      0.2637000              1.0000000        
S   1   1.00
     16.3190000              1.0000000        
S   1   1.00
     43.7840000              1.0000000        
S   1   1.00
    117.4720000              1.0000000        
S   1   1.00
      0.0859400              1.0000000        
P   3   1.00
     80.3900000              0.0063470        
     18.6300000              0.0442040        
      5.6940000              0.1685140        
P   1   1.00
      1.9530000              1.0000000        
P   1   1.00
      0.6702000              1.0000000        
P   1   1.00
      0.2166000              1.0000000        
P   1   1.00
     18.1190000              1.0000000        
P   1   1.00
     53.5050000              1.0000000        
P   1   1.00
    158.0010000              1.0000000        
P   1   1.00
      0.0656800              1.0000000        
D   1   1.00
      5.0140000              1.0000000        
D   1   1.00
      1.7250000              1.0000000        
D   1   1.00
      0.5860000              1.0000000        
D   1   1.00
     18.9430000              1.0000000        
D   1   1.00
     72.7980000              1.0000000        
D   1   1.00
      0.2070000              1.0000000        
F   1   1.00
      3.5620000              1.0000000        
F   1   1.00
      1.1480000              1.0000000        
F   1   1.00
     25.1610000              1.0000000        
F   1   1.00
      0.4600000              1.0000000        
G   1   1.00
      2.3760000              1.0000000        
G   1   1.00
      0.9240000              1.0000000        
****
Ne     0 
S   9   1.00
  99920.0000000              0.0000860        
  14960.0000000              0.0006690        
   3399.0000000              0.0035180        
    958.9000000              0.0146670        
    311.2000000              0.0509620        
    111.7000000              0.1437440        
     43.3200000              0.3045620        
     17.8000000              0.4001050        
      7.5030000              0.2186440        
S   9   1.00
  99920.0000000             -0.0000200        
  14960.0000000             -0.0001580        
   3399.0000000             -0.0008240        
    958.9000000             -0.0035000        
    311.2000000             -0.0122330        
    111.7000000             -0.0370170        
     43.3200000             -0.0861130        
     17.8000000             -0.1583810        
      7.5030000             -0.1142880        
S   1   1.00
      2.3370000              1.0000000        
S   1   1.00
      0.9001000              1.0000000        
S   1   1.00
      0.3301000              1.0000000        
S   1   1.00
     20.1800000              1.0000000        
S   1   1.00
     54.0420000              1.0000000        
S   1   1.00
    144.7250000              1.0000000        
S   1   1.00
      0.1054000              1.0000000        
P   3   1.00
     99.6800000              0.0065660        
     23.1500000              0.0459790        
      7.1080000              0.1734190        
P   1   1.00
      2.4410000              1.0000000        
P   1   1.00
      0.8339000              1.0000000        
P   1   1.00
      0.2662000              1.0000000        
P   1   1.00
     22.2220000              1.0000000        
P   1   1.00
     65.6220000              1.0000000        
P   1   1.00
    193.7800000              1.0000000        
P   1   1.00
      0.0817800              1.0000000        
D   1   1.00
      6.4710000              1.0000000        
D   1   1.00
      2.2130000              1.0000000        
D   1   1.00
      0.7470000              1.0000000        
D   1   1.00
     23.6130000              1.0000000        
D   1   1.00
     90.1070000              1.0000000        
D   1   1.00
      0.2730000              1.0000000        
F   1   1.00
      4.6570000              1.0000000        
F   1   1.00
      1.5240000              1.0000000        
F   1   1.00
     28.8300000              1.0000000        
F   1   1.00
      0.6890000              1.0000000        
G   1   1.00
      2.9830000              1.0000000        
G   1   1.00
      1.2240000              1.0000000        
****
Al     0 
S   13   1.00
 419600.0000000              0.278219E-04     
  62830.0000000              0.216330E-03     
  14290.0000000              0.113754E-02     
   4038.0000000              0.479635E-02     
   1312.0000000              0.172389E-01     
    470.5000000              0.538066E-01     
    181.8000000              0.141326E+00     
     74.4600000              0.289268E+00     
     31.9000000              0.384825E+00     
     13.9600000              0.232852E+00     
      5.1800000              0.293330E-01     
      2.2650000             -0.300574E-02     
      0.9664000              0.166673E-02     
S   13   1.00
 419600.0000000             -0.723754E-05     
  62830.0000000             -0.561733E-04     
  14290.0000000             -0.296528E-03     
   4038.0000000             -0.124913E-02     
   1312.0000000             -0.455101E-02     
    470.5000000             -0.144393E-01     
    181.8000000             -0.403464E-01     
     74.4600000             -0.922618E-01     
     31.9000000             -0.164510E+00     
     13.9600000             -0.141296E+00     
      5.1800000              0.195365E+00     
      2.2650000              0.572475E+00     
      0.9664000              0.374041E+00     
S   13   1.00
 419600.0000000              0.167150E-05     
  62830.0000000              0.129641E-04     
  14290.0000000              0.685101E-04     
   4038.0000000              0.288274E-03     
   1312.0000000              0.105276E-02     
    470.5000000              0.333878E-02     
    181.8000000              0.939217E-02     
     74.4600000              0.216047E-01     
     31.9000000              0.395873E-01     
     13.9600000              0.349180E-01     
      5.1800000             -0.528415E-01     
      2.2650000             -0.191878E+00     
      0.9664000             -0.254115E+00     
S   1   1.00
      0.2447000              1.0000000        
S   1   1.00
      0.1184000              1.0000000        
S   1   1.00
      0.0502100              1.0000000        
S   1   1.00
      9.7290000              1.0000000        
S   1   1.00
      4.8700000              1.0000000        
S   1   1.00
      2.4370000              1.0000000        
S   1   1.00
      0.0183000              1.0000000        
P   8   1.00
    891.3000000              0.491755E-03     
    211.3000000              0.415843E-02     
     68.2800000              0.212538E-01     
     25.7000000              0.764058E-01     
     10.6300000              0.194277E+00     
      4.6020000              0.334428E+00     
      2.0150000              0.375026E+00     
      0.8706000              0.204041E+00     
P   8   1.00
    891.3000000             -0.888695E-04     
    211.3000000             -0.745823E-03     
     68.2800000             -0.387025E-02     
     25.7000000             -0.139350E-01     
     10.6300000             -0.366860E-01     
      4.6020000             -0.627797E-01     
      2.0150000             -0.789602E-01     
      0.8706000             -0.288589E-01     
P   1   1.00
      0.2972000              1.0000000        
P   1   1.00
      0.1100000              1.0000000        
P   1   1.00
      0.0398900              1.0000000        
P   1   1.00
     10.0000000              1.0000000        
P   1   1.00
      4.5140000              1.0000000        
P   1   1.00
      2.0380000              1.0000000        
P   1   1.00
      0.0121000              1.0000000        
D   1   1.00
      0.0804000              1.0000000        
D   1   1.00
      0.1990000              1.0000000        
D   1   1.00
      0.4940000              1.0000000        
D   1   1.00
     14.8350000              1.0000000        
D   1   1.00
      5.6370000              1.0000000        
D   1   1.00
      2.1420000              1.0000000        
D   1   1.00
      0.0282000              1.0000000        
F   1   1.00
      0.1540000              1.0000000        
F   1   1.00
      0.4010000              1.0000000        
F   1   1.00
      9.8530000              1.0000000        
F   1   1.00
      3.5250000              1.0000000        
F   1   1.00
      0.0582000              1.0000000        
G   1   1.00
      0.3570000              1.0000000        
G   1   1.00
      6.8940000              1.0000000        
G   1   1.00
      0.1530000              1.0000000        
****
Si     0 
S   13   1.00
 513000.0000000              0.260920E-04     
  76820.0000000              0.202905E-03     
  17470.0000000              0.106715E-02     
   4935.0000000              0.450597E-02     
   1602.0000000              0.162359E-01     
    574.1000000              0.508913E-01     
    221.5000000              0.135155E+00     
     90.5400000              0.281292E+00     
     38.7400000              0.385336E+00     
     16.9500000              0.245651E+00     
      6.4520000              0.343145E-01     
      2.8740000             -0.334884E-02     
      1.2500000              0.187625E-02     
S   13   1.00
 513000.0000000             -0.694880E-05     
  76820.0000000             -0.539641E-04     
  17470.0000000             -0.284716E-03     
   4935.0000000             -0.120203E-02     
   1602.0000000             -0.438397E-02     
    574.1000000             -0.139776E-01     
    221.5000000             -0.393516E-01     
     90.5400000             -0.914283E-01     
     38.7400000             -0.165609E+00     
     16.9500000             -0.152505E+00     
      6.4520000              0.168524E+00     
      2.8740000              0.569284E+00     
      1.2500000              0.398056E+00     
S   13   1.00
 513000.0000000              0.178068E-05     
  76820.0000000              0.138148E-04     
  17470.0000000              0.730005E-04     
   4935.0000000              0.307666E-03     
   1602.0000000              0.112563E-02     
    574.1000000              0.358435E-02     
    221.5000000              0.101728E-01     
     90.5400000              0.237520E-01     
     38.7400000              0.443483E-01     
     16.9500000              0.419041E-01     
      6.4520000             -0.502504E-01     
      2.8740000             -0.216578E+00     
      1.2500000             -0.286448E+00     
S   1   1.00
      0.3599000              1.0000000        
S   1   1.00
      0.1699000              1.0000000        
S   1   1.00
      0.0706600              1.0000000        
S   1   1.00
     12.1640000              1.0000000        
S   1   1.00
      6.1870000              1.0000000        
S   1   1.00
      3.1470000              1.0000000        
S   1   1.00
      0.0275000              1.0000000        
P   8   1.00
   1122.0000000              0.448143E-03     
    266.0000000              0.381639E-02     
     85.9200000              0.198105E-01     
     32.3300000              0.727017E-01     
     13.3700000              0.189839E+00     
      5.8000000              0.335672E+00     
      2.5590000              0.379365E+00     
      1.1240000              0.201193E+00     
P   8   1.00
   1122.0000000             -0.964883E-04     
    266.0000000             -0.811971E-03     
     85.9200000             -0.430087E-02     
     32.3300000             -0.157502E-01     
     13.3700000             -0.429541E-01     
      5.8000000             -0.752574E-01     
      2.5590000             -0.971446E-01     
      1.1240000             -0.227507E-01     
P   1   1.00
      0.3988000              1.0000000        
P   1   1.00
      0.1533000              1.0000000        
P   1   1.00
      0.0572800              1.0000000        
P   1   1.00
     12.6460000              1.0000000        
P   1   1.00
      5.7470000              1.0000000        
P   1   1.00
      2.6120000              1.0000000        
P   1   1.00
      0.0200000              1.0000000        
D   1   1.00
      0.1200000              1.0000000        
D   1   1.00
      0.3020000              1.0000000        
D   1   1.00
      0.7600000              1.0000000        
D   1   1.00
     19.0150000              1.0000000        
D   1   1.00
      7.4010000              1.0000000        
D   1   1.00
      2.8810000              1.0000000        
D   1   1.00
      0.0435000              1.0000000        
F   1   1.00
      0.2120000              1.0000000        
F   1   1.00
      0.5410000              1.0000000        
F   1   1.00
     11.9250000              1.0000000        
F   1   1.00
      4.3040000              1.0000000        
F   1   1.00
      0.0846000              1.0000000        
G   1   1.00
      0.4610000              1.0000000        
G   1   1.00
      8.5770000              1.0000000        
G   1   1.00
      0.2120000              1.0000000        
****
P     0 
S   13   1.00
 615200.0000000              0.247450E-04     
  92120.0000000              0.192465E-03     
  20950.0000000              0.101202E-02     
   5920.0000000              0.427261E-02     
   1922.0000000              0.154161E-01     
    688.0000000              0.485976E-01     
    265.0000000              0.130060E+00     
    108.2000000              0.274514E+00     
     46.2200000              0.385402E+00     
     20.2300000              0.255934E+00     
      7.8590000              0.391237E-01     
      3.5470000             -0.368010E-02     
      1.5640000              0.208211E-02     
S   13   1.00
 615200.0000000             -0.672205E-05     
  92120.0000000             -0.522311E-04     
  20950.0000000             -0.275361E-03     
   5920.0000000             -0.116307E-02     
   1922.0000000             -0.424281E-02     
    688.0000000             -0.136114E-01     
    265.0000000             -0.385114E-01     
    108.2000000             -0.906643E-01     
     46.2200000             -0.166584E+00     
     20.2300000             -0.161447E+00     
      7.8590000              0.146781E+00     
      3.5470000              0.566682E+00     
      1.5640000              0.416433E+00     
S   13   1.00
 615200.0000000              0.184740E-05     
  92120.0000000              0.143380E-04     
  20950.0000000              0.757228E-04     
   5920.0000000              0.319205E-03     
   1922.0000000              0.116851E-02     
    688.0000000              0.374267E-02     
    265.0000000              0.106817E-01     
    108.2000000              0.252657E-01     
     46.2200000              0.479283E-01     
     20.2300000              0.477096E-01     
      7.8590000             -0.466525E-01     
      3.5470000             -0.234968E+00     
      1.5640000             -0.311337E+00     
S   1   1.00
      0.4888000              1.0000000        
S   1   1.00
      0.2266000              1.0000000        
S   1   1.00
      0.0933100              1.0000000        
S   1   1.00
     14.8310000              1.0000000        
S   1   1.00
      7.6400000              1.0000000        
S   1   1.00
      3.9350000              1.0000000        
S   1   1.00
      0.0354000              1.0000000        
P   8   1.00
   1367.0000000              0.421015E-03     
    324.0000000              0.360985E-02     
    104.6000000              0.189217E-01     
     39.3700000              0.705560E-01     
     16.2600000              0.188157E+00     
      7.0560000              0.338709E+00     
      3.1300000              0.381943E+00     
      1.3940000              0.195261E+00     
P   8   1.00
   1367.0000000             -0.100827E-03     
    324.0000000             -0.854499E-03     
    104.6000000             -0.457116E-02     
     39.3700000             -0.170327E-01     
     16.2600000             -0.475204E-01     
      7.0560000             -0.852786E-01     
      3.1300000             -0.109676E+00     
      1.3940000             -0.161181E-01     
P   1   1.00
      0.5179000              1.0000000        
P   1   1.00
      0.2032000              1.0000000        
P   1   1.00
      0.0769800              1.0000000        
P   1   1.00
     15.5230000              1.0000000        
P   1   1.00
      7.0730000              1.0000000        
P   1   1.00
      3.2230000              1.0000000        
P   1   1.00
      0.0272000              1.0000000        
D   1   1.00
      0.1650000              1.0000000        
D   1   1.00
      0.4130000              1.0000000        
D   1   1.00
      1.0360000              1.0000000        
D   1   1.00
     23.4170000              1.0000000        
D   1   1.00
      9.2500000              1.0000000        
D   1   1.00
      3.6540000              1.0000000        
D   1   1.00
      0.0594000              1.0000000        
F   1   1.00
      0.2800000              1.0000000        
F   1   1.00
      0.7030000              1.0000000        
F   1   1.00
     14.2070000              1.0000000        
F   1   1.00
      5.1610000              1.0000000        
F   1   1.00
      0.1090000              1.0000000        
G   1   1.00
      0.5970000              1.0000000        
G   1   1.00
     10.4480000              1.0000000        
G   1   1.00
      0.2500000              1.0000000        
****
S     0 
S   13   1.00
 727800.0000000              0.236025E-04     
 109000.0000000              0.183482E-03     
  24800.0000000              0.964278E-03     
   7014.0000000              0.406537E-02     
   2278.0000000              0.146973E-01     
    814.7000000              0.465081E-01     
    313.4000000              0.125508E+00     
    127.7000000              0.268433E+00     
     54.4800000              0.384809E+00     
     23.8500000              0.265372E+00     
      9.4280000              0.437326E-01     
      4.2900000             -0.378807E-02     
      1.9090000              0.218083E-02     
S   13   1.00
 727800.0000000             -0.652179E-05     
 109000.0000000             -0.506631E-04     
  24800.0000000             -0.266833E-03     
   7014.0000000             -0.112601E-02     
   2278.0000000             -0.411186E-02     
    814.7000000             -0.132454E-01     
    313.4000000             -0.377004E-01     
    127.7000000             -0.898554E-01     
     54.4800000             -0.167098E+00     
     23.8500000             -0.169354E+00     
      9.4280000              0.127824E+00     
      4.2900000              0.564862E+00     
      1.9090000              0.431767E+00     
S   13   1.00
 727800.0000000              0.189406E-05     
 109000.0000000              0.146948E-04     
  24800.0000000              0.775460E-04     
   7014.0000000              0.326509E-03     
   2278.0000000              0.119686E-02     
    814.7000000              0.384799E-02     
    313.4000000              0.110539E-01     
    127.7000000              0.264645E-01     
     54.4800000              0.508771E-01     
     23.8500000              0.530030E-01     
      9.4280000             -0.425518E-01     
      4.2900000             -0.250853E+00     
      1.9090000             -0.333152E+00     
S   1   1.00
      0.6270000              1.0000000        
S   1   1.00
      0.2873000              1.0000000        
S   1   1.00
      0.1172000              1.0000000        
S   1   1.00
     17.5990000              1.0000000        
S   1   1.00
      9.1860000              1.0000000        
S   1   1.00
      4.7950000              1.0000000        
S   1   1.00
      0.0428000              1.0000000        
P   8   1.00
   1546.0000000              0.441183E-03     
    366.4000000              0.377571E-02     
    118.4000000              0.198360E-01     
     44.5300000              0.742063E-01     
     18.3800000              0.197327E+00     
      7.9650000              0.351851E+00     
      3.5410000              0.378687E+00     
      1.5910000              0.170931E+00     
P   8   1.00
   1546.0000000             -0.113110E-03     
    366.4000000             -0.958581E-03     
    118.4000000             -0.513471E-02     
     44.5300000             -0.192641E-01     
     18.3800000             -0.535980E-01     
      7.9650000             -0.960333E-01     
      3.5410000             -0.118183E+00     
      1.5910000              0.923194E-02     
P   1   1.00
      0.6205000              1.0000000        
P   1   1.00
      0.2420000              1.0000000        
P   1   1.00
      0.0901400              1.0000000        
P   1   1.00
     18.1270000              1.0000000        
P   1   1.00
      8.2190000              1.0000000        
P   1   1.00
      3.7260000              1.0000000        
P   1   1.00
      0.0317000              1.0000000        
D   1   1.00
      0.2030000              1.0000000        
D   1   1.00
      0.5040000              1.0000000        
D   1   1.00
      1.2500000              1.0000000        
D   1   1.00
     27.4170000              1.0000000        
D   1   1.00
     10.8930000              1.0000000        
D   1   1.00
      4.3190000              1.0000000        
D   1   1.00
      0.0748000              1.0000000        
F   1   1.00
      0.3350000              1.0000000        
F   1   1.00
      0.8690000              1.0000000        
F   1   1.00
     16.5350000              1.0000000        
F   1   1.00
      6.0080000              1.0000000        
F   1   1.00
      0.1400000              1.0000000        
G   1   1.00
      0.6830000              1.0000000        
G   1   1.00
     12.5180000              1.0000000        
G   1   1.00
      0.2970000              1.0000000        
****
Cl     0 
S   13   1.00
 834900.0000000              0.231688E-04     
 125000.0000000              0.180154E-03     
  28430.0000000              0.947782E-03     
   8033.0000000              0.400139E-02     
   2608.0000000              0.144629E-01     
    933.9000000              0.456586E-01     
    360.0000000              0.123248E+00     
    147.0000000              0.264369E+00     
     62.8800000              0.382989E+00     
     27.6000000              0.270934E+00     
     11.0800000              0.471404E-01     
      5.0750000             -0.371766E-02     
      2.2780000              0.219158E-02     
S   13   1.00
 834900.0000000             -0.649649E-05     
 125000.0000000             -0.504895E-04     
  28430.0000000             -0.266113E-03     
   8033.0000000             -0.112499E-02     
   2608.0000000             -0.410497E-02     
    933.9000000             -0.131987E-01     
    360.0000000             -0.375342E-01     
    147.0000000             -0.897233E-01     
     62.8800000             -0.167671E+00     
     27.6000000             -0.174763E+00     
     11.0800000              0.114909E+00     
      5.0750000              0.563618E+00     
      2.2780000              0.441606E+00     
S   13   1.00
 834900.0000000              0.196645E-05     
 125000.0000000              0.152620E-04     
  28430.0000000              0.806086E-04     
   8033.0000000              0.339960E-03     
   2608.0000000              0.124551E-02     
    933.9000000              0.399612E-02     
    360.0000000              0.114751E-01     
    147.0000000              0.275504E-01     
     62.8800000              0.532917E-01     
     27.6000000              0.571246E-01     
     11.0800000             -0.395201E-01     
      5.0750000             -0.264343E+00     
      2.2780000             -0.349291E+00     
S   1   1.00
      0.7775000              1.0000000        
S   1   1.00
      0.3527000              1.0000000        
S   1   1.00
      0.1431000              1.0000000        
S   1   1.00
     20.6890000              1.0000000        
S   1   1.00
     10.8800000              1.0000000        
S   1   1.00
      5.7220000              1.0000000        
S   1   1.00
      0.0519000              1.0000000        
P   8   1.00
   1703.0000000              0.474039E-03     
    403.6000000              0.406412E-02     
    130.3000000              0.213355E-01     
     49.0500000              0.794611E-01     
     20.2600000              0.208927E+00     
      8.7870000              0.364945E+00     
      3.9190000              0.371725E+00     
      1.7650000              0.146292E+00     
P   8   1.00
   1703.0000000             -0.128266E-03     
    403.6000000             -0.109356E-02     
    130.3000000             -0.583429E-02     
     49.0500000             -0.219258E-01     
     20.2600000             -0.601385E-01     
      8.7870000             -0.106929E+00     
      3.9190000             -0.122454E+00     
      1.7650000              0.383619E-01     
P   1   1.00
      0.7207000              1.0000000        
P   1   1.00
      0.2839000              1.0000000        
P   1   1.00
      0.1060000              1.0000000        
P   1   1.00
     20.7840000              1.0000000        
P   1   1.00
      9.3790000              1.0000000        
P   1   1.00
      4.2320000              1.0000000        
P   1   1.00
      0.0376000              1.0000000        
D   1   1.00
      0.2540000              1.0000000        
D   1   1.00
      0.6280000              1.0000000        
D   1   1.00
      1.5510000              1.0000000        
D   1   1.00
     32.2550000              1.0000000        
D   1   1.00
     12.8880000              1.0000000        
D   1   1.00
      5.1490000              1.0000000        
D   1   1.00
      0.0952000              1.0000000        
F   1   1.00
      0.4230000              1.0000000        
F   1   1.00
      1.0890000              1.0000000        
F   1   1.00
     19.1070000              1.0000000        
F   1   1.00
      6.9500000              1.0000000        
F   1   1.00
      0.2170000              1.0000000        
G   1   1.00
      0.8270000              1.0000000        
G   1   1.00
     14.7820000              1.0000000        
G   1   1.00
      0.3780000              1.0000000        
****
Ar     0 
S   13   1.00
 950600.0000000              0.227545E-04     
 142300.0000000              0.176945E-03     
  32360.0000000              0.931282E-03     
   9145.0000000              0.392860E-02     
   2970.0000000              0.142064E-01     
   1064.0000000              0.448114E-01     
    410.8000000              0.121001E+00     
    168.0000000              0.260579E+00     
     71.9900000              0.381364E+00     
     31.6700000              0.276058E+00     
     12.8900000              0.505179E-01     
      5.9290000             -0.359866E-02     
      2.6780000              0.218798E-02     
S   13   1.00
 950600.0000000             -0.646201E-05     
 142300.0000000             -0.502346E-04     
  32360.0000000             -0.264804E-03     
   9145.0000000             -0.111895E-02     
   2970.0000000             -0.408276E-02     
   1064.0000000             -0.131216E-01     
    410.8000000             -0.372855E-01     
    168.0000000             -0.894709E-01     
     71.9900000             -0.168054E+00     
     31.6700000             -0.179594E+00     
     12.8900000              0.102953E+00     
      5.9290000              0.562630E+00     
      2.6780000              0.450355E+00     
S   13   1.00
 950600.0000000              0.202056E-05     
 142300.0000000              0.156851E-04     
  32360.0000000              0.828617E-04     
   9145.0000000              0.349264E-03     
   2970.0000000              0.127976E-02     
   1064.0000000              0.410365E-02     
    410.8000000              0.117789E-01     
    168.0000000              0.283868E-01     
     71.9900000              0.552406E-01     
     31.6700000              0.607492E-01     
     12.8900000             -0.362012E-01     
      5.9290000             -0.275398E+00     
      2.6780000             -0.362845E+00     
S   1   1.00
      0.9416000              1.0000000        
S   1   1.00
      0.4239000              1.0000000        
S   1   1.00
      0.1714000              1.0000000        
S   1   1.00
     24.0240000              1.0000000        
S   1   1.00
     12.7060000              1.0000000        
S   1   1.00
      6.7200000              1.0000000        
S   1   1.00
      0.0610000              1.0000000        
P   8   1.00
   1890.0000000              0.495752E-03     
    447.8000000              0.425172E-02     
    144.6000000              0.223277E-01     
     54.4600000              0.830878E-01     
     22.5100000              0.217110E+00     
      9.7740000              0.374507E+00     
      4.3680000              0.366445E+00     
      1.9590000              0.129245E+00     
P   8   1.00
   1890.0000000             -0.138863E-03     
    447.8000000             -0.118870E-02     
    144.6000000             -0.632553E-02     
     54.4600000             -0.238813E-01     
     22.5100000             -0.649238E-01     
      9.7740000             -0.115444E+00     
      4.3680000             -0.123651E+00     
      1.9590000              0.649055E-01     
P   1   1.00
      0.8260000              1.0000000        
P   1   1.00
      0.3297000              1.0000000        
P   1   1.00
      0.1242000              1.0000000        
P   1   1.00
     23.6270000              1.0000000        
P   1   1.00
     10.6540000              1.0000000        
P   1   1.00
      4.8040000              1.0000000        
P   1   1.00
      0.0435000              1.0000000        
D   1   1.00
      0.3110000              1.0000000        
D   1   1.00
      0.7630000              1.0000000        
D   1   1.00
      1.8730000              1.0000000        
D   1   1.00
     37.3640000              1.0000000        
D   1   1.00
     15.0130000              1.0000000        
D   1   1.00
      6.0320000              1.0000000        
D   1   1.00
      0.1160000              1.0000000        
F   1   1.00
      0.5430000              1.0000000        
F   1   1.00
      1.3250000              1.0000000        
F   1   1.00
     21.8840000              1.0000000        
F   1   1.00
      7.9680000              1.0000000        
F   1   1.00
      0.2940000              1.0000000        
G   1   1.00
      1.0070000              1.0000000        
G   1   1.00
     17.2430000              1.0000000        
G   1   1.00
      0.4590000              1.0000000        
****
