H     0 
S   3   1.00
     82.6400000              0.0020060        
     12.4100000              0.0153430        
      2.8240000              0.0755790        
S   1   1.00
      0.7977000              1.0000000        
S   1   1.00
      0.2581000              1.0000000        
S   1   1.00
      0.0898900              1.0000000        
P   1   1.00
      2.2920000              1.0000000        
P   1   1.00
      0.8380000              1.0000000        
P   1   1.00
      0.2920000              1.0000000        
D   1   1.00
      2.0620000              1.0000000        
D   1   1.00
      0.6620000              1.0000000        
F   1   1.00
      1.3970000              1.0000000        
****
He     0 
S   4   1.00
    528.5000000              0.0009400        
     79.3100000              0.0072140        
     18.0500000              0.0359750        
      5.0850000              0.1277820        
S   1   1.00
      1.6090000              1.0000000        
S   1   1.00
      0.5363000              1.0000000        
S   1   1.00
      0.1833000              1.0000000        
P   1   1.00
      5.9940000              1.0000000        
P   1   1.00
      1.7450000              1.0000000        
P   1   1.00
      0.5600000              1.0000000        
D   1   1.00
      4.2990000              1.0000000        
D   1   1.00
      1.2230000              1.0000000        
F   1   1.00
      2.6800000              1.0000000        
****
Li     0 
S   9   1.00
   6601.0000000              0.0001170        
    989.7000000              0.0009110        
    225.7000000              0.0047280        
     64.2900000              0.0191970        
     21.1800000              0.0630470        
      7.7240000              0.1632080        
      3.0030000              0.3148270        
      1.2120000              0.3939360        
      0.4930000              0.1969180        
S   9   1.00
   6601.0000000             -0.0000180        
    989.7000000             -0.0001420        
    225.7000000             -0.0007410        
     64.2900000             -0.0030200        
     21.1800000             -0.0101230        
      7.7240000             -0.0270940        
      3.0030000             -0.0573590        
      1.2120000             -0.0938950        
      0.4930000             -0.1210910        
S   1   1.00
      0.0951500              1.0000000        
S   1   1.00
      0.0479100              1.0000000        
S   1   1.00
      0.0222000              1.0000000        
P   3   1.00
      6.2500000              0.0033880        
      1.3700000              0.0193160        
      0.3672000              0.0791040        
P   1   1.00
      0.1192000              1.0000000        
P   1   1.00
      0.0447400              1.0000000        
P   1   1.00
      0.0179500              1.0000000        
D   1   1.00
      0.3440000              1.0000000        
D   1   1.00
      0.1530000              1.0000000        
D   1   1.00
      0.0680000              1.0000000        
F   1   1.00
      0.2460000              1.0000000        
F   1   1.00
      0.1292000              1.0000000        
G   1   1.00
      0.2380000              1.0000000        
****
Be     0 
S   9   1.00
  14630.0000000              0.0000920        
   2191.0000000              0.0007130        
    498.2000000              0.0037350        
    140.9000000              0.0154680        
     45.8600000              0.0528740        
     16.4700000              0.1456940        
      6.3190000              0.3026810        
      2.5350000              0.4049360        
      1.0350000              0.2223870        
S   9   1.00
  14630.0000000             -0.0000170        
   2191.0000000             -0.0001300        
    498.2000000             -0.0006790        
    140.9000000             -0.0028570        
     45.8600000             -0.0098130        
     16.4700000             -0.0286090        
      6.3190000             -0.0637600        
      2.5350000             -0.1172310        
      1.0350000             -0.1212020        
S   1   1.00
      0.2528000              1.0000000        
S   1   1.00
      0.1052000              1.0000000        
S   1   1.00
      0.0426100              1.0000000        
P   3   1.00
     14.0300000              0.0040990        
      3.1680000              0.0256260        
      0.9024000              0.1037680        
P   1   1.00
      0.3036000              1.0000000        
P   1   1.00
      0.1130000              1.0000000        
P   1   1.00
      0.0428600              1.0000000        
D   1   1.00
      1.0720000              1.0000000        
D   1   1.00
      0.4410000              1.0000000        
D   1   1.00
      0.1811000              1.0000000        
F   1   1.00
      0.4810000              1.0000000        
F   1   1.00
      0.2550000              1.0000000        
G   1   1.00
      0.4150000              1.0000000        
****
B     0 
S   9   1.00
  23870.0000000              0.0000880        
   3575.0000000              0.0006870        
    812.8000000              0.0036000        
    229.7000000              0.0149490        
     74.6900000              0.0514350        
     26.8100000              0.1433020        
     10.3200000              0.3009350        
      4.1780000              0.4035260        
      1.7270000              0.2253400        
S   9   1.00
  23870.0000000             -0.0000180        
   3575.0000000             -0.0001390        
    812.8000000             -0.0007250        
    229.7000000             -0.0030630        
     74.6900000             -0.0105810        
     26.8100000             -0.0313650        
     10.3200000             -0.0710120        
      4.1780000             -0.1321030        
      1.7270000             -0.1230720        
S   1   1.00
      0.4704000              1.0000000        
S   1   1.00
      0.1896000              1.0000000        
S   1   1.00
      0.0739400              1.0000000        
P   3   1.00
     22.2600000              0.0050950        
      5.0580000              0.0332060        
      1.4870000              0.1323140        
P   1   1.00
      0.5071000              1.0000000        
P   1   1.00
      0.1812000              1.0000000        
P   1   1.00
      0.0646300              1.0000000        
D   1   1.00
      1.1100000              1.0000000        
D   1   1.00
      0.4020000              1.0000000        
D   1   1.00
      0.1450000              1.0000000        
F   1   1.00
      0.8820000              1.0000000        
F   1   1.00
      0.3110000              1.0000000        
G   1   1.00
      0.6730000              1.0000000        
****
C     0 
S   9   1.00
  33980.0000000              0.0000910        
   5089.0000000              0.0007040        
   1157.0000000              0.0036930        
    326.6000000              0.0153600        
    106.1000000              0.0529290        
     38.1100000              0.1470430        
     14.7500000              0.3056310        
      6.0350000              0.3993450        
      2.5300000              0.2170510        
S   9   1.00
  33980.0000000             -0.0000190        
   5089.0000000             -0.0001510        
   1157.0000000             -0.0007850        
    326.6000000             -0.0033240        
    106.1000000             -0.0115120        
     38.1100000             -0.0341600        
     14.7500000             -0.0771730        
      6.0350000             -0.1414930        
      2.5300000             -0.1180190        
S   1   1.00
      0.7355000              1.0000000        
S   1   1.00
      0.2905000              1.0000000        
S   1   1.00
      0.1111000              1.0000000        
P   3   1.00
     34.5100000              0.0053780        
      7.9150000              0.0361320        
      2.3680000              0.1424930        
P   1   1.00
      0.8132000              1.0000000        
P   1   1.00
      0.2890000              1.0000000        
P   1   1.00
      0.1007000              1.0000000        
D   1   1.00
      1.8480000              1.0000000        
D   1   1.00
      0.6490000              1.0000000        
D   1   1.00
      0.2280000              1.0000000        
F   1   1.00
      1.4190000              1.0000000        
F   1   1.00
      0.4850000              1.0000000        
G   1   1.00
      1.0110000              1.0000000        
****
N     0 
S   9   1.00
  45840.0000000              0.0000920        
   6868.0000000              0.0007170        
   1563.0000000              0.0037490        
    442.4000000              0.0155320        
    144.3000000              0.0531460        
     52.1800000              0.1467870        
     20.3400000              0.3046630        
      8.3810000              0.3976840        
      3.5290000              0.2176410        
S   9   1.00
  45840.0000000             -0.0000200        
   6868.0000000             -0.0001590        
   1563.0000000             -0.0008240        
    442.4000000             -0.0034780        
    144.3000000             -0.0119660        
     52.1800000             -0.0353880        
     20.3400000             -0.0800770        
      8.3810000             -0.1467220        
      3.5290000             -0.1163600        
S   1   1.00
      1.0540000              1.0000000        
S   1   1.00
      0.4118000              1.0000000        
S   1   1.00
      0.1552000              1.0000000        
P   3   1.00
     49.3300000              0.0055330        
     11.3700000              0.0379620        
      3.4350000              0.1490280        
P   1   1.00
      1.1820000              1.0000000        
P   1   1.00
      0.4173000              1.0000000        
P   1   1.00
      0.1428000              1.0000000        
D   1   1.00
      2.8370000              1.0000000        
D   1   1.00
      0.9680000              1.0000000        
D   1   1.00
      0.3350000              1.0000000        
F   1   1.00
      2.0270000              1.0000000        
F   1   1.00
      0.6850000              1.0000000        
G   1   1.00
      1.4270000              1.0000000        
****
O     0 
S   9   1.00
  61420.0000000              0.0000900        
   9199.0000000              0.0006980        
   2091.0000000              0.0036640        
    590.9000000              0.0152180        
    192.3000000              0.0524230        
     69.3200000              0.1459210        
     26.9700000              0.3052580        
     11.1000000              0.3985080        
      4.6820000              0.2169800        
S   9   1.00
  61420.0000000             -0.0000200        
   9199.0000000             -0.0001590        
   2091.0000000             -0.0008290        
    590.9000000             -0.0035080        
    192.3000000             -0.0121560        
     69.3200000             -0.0362610        
     26.9700000             -0.0829920        
     11.1000000             -0.1520900        
      4.6820000             -0.1153310        
S   1   1.00
      1.4280000              1.0000000        
S   1   1.00
      0.5547000              1.0000000        
S   1   1.00
      0.2067000              1.0000000        
P   3   1.00
     63.4200000              0.0060440        
     14.6600000              0.0417990        
      4.4590000              0.1611430        
P   1   1.00
      1.5310000              1.0000000        
P   1   1.00
      0.5302000              1.0000000        
P   1   1.00
      0.1750000              1.0000000        
D   1   1.00
      3.7750000              1.0000000        
D   1   1.00
      1.3000000              1.0000000        
D   1   1.00
      0.4440000              1.0000000        
F   1   1.00
      2.6660000              1.0000000        
F   1   1.00
      0.8590000              1.0000000        
G   1   1.00
      1.8460000              1.0000000        
****
F     0 
S   9   1.00
  74530.0000000              0.0000950        
  11170.0000000              0.0007380        
   2543.0000000              0.0038580        
    721.0000000              0.0159260        
    235.9000000              0.0542890        
     85.6000000              0.1495130        
     33.5500000              0.3082520        
     13.9300000              0.3948530        
      5.9150000              0.2110310        
S   9   1.00
  74530.0000000             -0.0000220        
  11170.0000000             -0.0001720        
   2543.0000000             -0.0008910        
    721.0000000             -0.0037480        
    235.9000000             -0.0128620        
     85.6000000             -0.0380610        
     33.5500000             -0.0862390        
     13.9300000             -0.1558650        
      5.9150000             -0.1109140        
S   1   1.00
      1.8430000              1.0000000        
S   1   1.00
      0.7124000              1.0000000        
S   1   1.00
      0.2637000              1.0000000        
P   3   1.00
     80.3900000              0.0063470        
     18.6300000              0.0442040        
      5.6940000              0.1685140        
P   1   1.00
      1.9530000              1.0000000        
P   1   1.00
      0.6702000              1.0000000        
P   1   1.00
      0.2166000              1.0000000        
D   1   1.00
      5.0140000              1.0000000        
D   1   1.00
      1.7250000              1.0000000        
D   1   1.00
      0.5860000              1.0000000        
F   1   1.00
      3.5620000              1.0000000        
F   1   1.00
      1.1480000              1.0000000        
G   1   1.00
      2.3760000              1.0000000        
****
Ne     0 
S   9   1.00
  99920.0000000              0.0000860        
  14960.0000000              0.0006690        
   3399.0000000              0.0035180        
    958.9000000              0.0146670        
    311.2000000              0.0509620        
    111.7000000              0.1437440        
     43.3200000              0.3045620        
     17.8000000              0.4001050        
      7.5030000              0.2186440        
S   9   1.00
  99920.0000000             -0.0000200        
  14960.0000000             -0.0001580        
   3399.0000000             -0.0008240        
    958.9000000             -0.0035000        
    311.2000000             -0.0122330        
    111.7000000             -0.0370170        
     43.3200000             -0.0861130        
     17.8000000             -0.1583810        
      7.5030000             -0.1142880        
S   1   1.00
      2.3370000              1.0000000        
S   1   1.00
      0.9001000              1.0000000        
S   1   1.00
      0.3301000              1.0000000        
P   3   1.00
     99.6800000              0.0065660        
     23.1500000              0.0459790        
      7.1080000              0.1734190        
P   1   1.00
      2.4410000              1.0000000        
P   1   1.00
      0.8339000              1.0000000        
P   1   1.00
      0.2662000              1.0000000        
D   1   1.00
      6.4710000              1.0000000        
D   1   1.00
      2.2130000              1.0000000        
D   1   1.00
      0.7470000              1.0000000        
F   1   1.00
      4.6570000              1.0000000        
F   1   1.00
      1.5240000              1.0000000        
G   1   1.00
      2.9830000              1.0000000        
****
Na     0 
S   16   1.00
 1224000.0000000             0.478894E-05     
 183200.0000000              0.372395E-04     
  41700.0000000              0.195831E-03     
  11810.0000000              0.826698E-03     
   3853.0000000              0.300251E-02     
   1391.0000000              0.970310E-02     
    542.5000000              0.282337E-01     
    224.9000000              0.732058E-01     
     97.9300000              0.162897E+00     
     44.3100000              0.288708E+00     
     20.6500000              0.346829E+00     
      9.7290000              0.206865E+00     
      4.2280000              0.328009E-01     
      1.9690000             -0.647736E-03     
      0.8890000              0.145878E-02     
      0.3964000             -0.178346E-03     
S   16   1.00
 1224000.0000000            -0.116958E-05     
 183200.0000000             -0.909110E-05     
  41700.0000000             -0.478499E-04     
  11810.0000000             -0.201962E-03     
   3853.0000000             -0.735837E-03     
   1391.0000000             -0.238746E-02     
    542.5000000             -0.704969E-02     
    224.9000000             -0.187856E-01     
     97.9300000             -0.446153E-01     
     44.3100000             -0.897741E-01     
     20.6500000             -0.142940E+00     
      9.7290000             -0.124315E+00     
      4.2280000              0.999648E-01     
      1.9690000              0.417080E+00     
      0.8890000              0.475123E+00     
      0.3964000              0.163268E+00     
S   16   1.00
 1224000.0000000             0.175871E-06     
 183200.0000000              0.136594E-05     
  41700.0000000              0.719795E-05     
  11810.0000000              0.303349E-04     
   3853.0000000              0.110752E-03     
   1391.0000000              0.358596E-03     
    542.5000000              0.106272E-02     
    224.9000000              0.282687E-02     
     97.9300000              0.676742E-02     
     44.3100000              0.136480E-01     
     20.6500000              0.222814E-01     
      9.7290000              0.196011E-01     
      4.2280000             -0.167708E-01     
      1.9690000             -0.773734E-01     
      0.8890000             -0.113501E+00     
      0.3964000             -0.139130E+00     
S   1   1.00
      0.0699300              1.0000000        
S   1   1.00
      0.0328900              1.0000000        
S   1   1.00
      0.0161200              1.0000000        
P   9   1.00
    413.4000000              0.908196E-03     
     97.9800000              0.741773E-02     
     31.3700000              0.357464E-01     
     11.6200000              0.118520E+00     
      4.6710000              0.261403E+00     
      1.9180000              0.378395E+00     
      0.7775000              0.334632E+00     
      0.3013000              0.126844E+00     
      0.2275000             -0.147117E-01     
P   9   1.00
    413.4000000             -0.901741E-04     
     97.9800000             -0.739342E-03     
     31.3700000             -0.357309E-02     
     11.6200000             -0.120142E-01     
      4.6710000             -0.267178E-01     
      1.9180000             -0.392753E-01     
      0.7775000             -0.376083E-01     
      0.3013000             -0.433228E-01     
      0.2275000              0.518003E-01     
P   1   1.00
      0.0752700              1.0000000        
P   1   1.00
      0.0312600              1.0000000        
P   1   1.00
      0.0134200              1.0000000        
D   1   1.00
      0.1538000              1.0000000        
D   1   1.00
      0.0865000              1.0000000        
D   1   1.00
      0.0487000              1.0000000        
F   1   1.00
      0.1912000              1.0000000        
F   1   1.00
      0.1036000              1.0000000        
G   1   1.00
      0.1722000              1.0000000        
****
Mg     0 
S   13   1.00
 327600.0000000              0.309608E-04     
  49050.0000000              0.240954E-03     
  11150.0000000              0.126660E-02     
   3152.0000000              0.533359E-02     
   1025.0000000              0.190770E-01     
    368.8000000              0.588058E-01     
    143.2000000              0.151454E+00     
     58.9600000              0.300716E+00     
     25.4000000              0.381149E+00     
     11.1500000              0.213584E+00     
      4.0040000              0.231210E-01     
      1.7010000             -0.230757E-02     
      0.7060000              0.128900E-02     
S   13   1.00
 327600.0000000             -0.783173E-05     
  49050.0000000             -0.607935E-04     
  11150.0000000             -0.321197E-03     
   3152.0000000             -0.134955E-02     
   1025.0000000             -0.490570E-02     
    368.8000000             -0.153561E-01     
    143.2000000             -0.423409E-01     
     58.9600000             -0.940603E-01     
     25.4000000             -0.163425E+00     
     11.1500000             -0.124754E+00     
      4.0040000              0.235623E+00     
      1.7010000              0.577563E+00     
      0.7060000              0.335232E+00     
S   13   1.00
 327600.0000000              0.150908E-05     
  49050.0000000              0.117134E-04     
  11150.0000000              0.618980E-04     
   3152.0000000              0.260088E-03     
   1025.0000000              0.946218E-03     
    368.8000000              0.296595E-02     
    143.2000000              0.821245E-02     
     58.9600000              0.183977E-01     
     25.4000000              0.326657E-01     
     11.1500000              0.257315E-01     
      4.0040000             -0.535351E-01     
      1.7010000             -0.156895E+00     
      0.7060000             -0.206659E+00     
S   1   1.00
      0.1410000              1.0000000        
S   1   1.00
      0.0680800              1.0000000        
S   1   1.00
      0.0306300              1.0000000        
P   9   1.00
    539.6000000              0.833969E-03     
    127.9000000              0.689215E-02     
     41.0200000              0.337874E-01     
     15.2500000              0.114401E+00     
      6.1660000              0.259514E+00     
      2.5610000              0.385095E+00     
      1.0600000              0.335373E+00     
      0.4176000              0.110641E+00     
      0.2690000             -0.121315E-01     
P   9   1.00
    539.6000000             -0.132076E-03     
    127.9000000             -0.109538E-02     
     41.0200000             -0.539495E-02     
     15.2500000             -0.185572E-01     
      6.1660000             -0.427375E-01     
      2.5610000             -0.647684E-01     
      1.0600000             -0.627818E-01     
      0.4176000             -0.244912E-01     
      0.2690000              0.104761E+00     
P   1   1.00
      0.1223000              1.0000000        
P   1   1.00
      0.0547600              1.0000000        
P   1   1.00
      0.0238800              1.0000000        
D   1   1.00
      0.1060000              1.0000000        
D   1   1.00
      0.1944000              1.0000000        
D   1   1.00
      0.3570000              1.0000000        
F   1   1.00
      0.1810000              1.0000000        
F   1   1.00
      0.3590000              1.0000000        
G   1   1.00
      0.3070000              1.0000000        
****
Al     0 
S   13   1.00
 419600.0000000              0.278219E-04     
  62830.0000000              0.216330E-03     
  14290.0000000              0.113754E-02     
   4038.0000000              0.479635E-02     
   1312.0000000              0.172389E-01     
    470.5000000              0.538066E-01     
    181.8000000              0.141326E+00     
     74.4600000              0.289268E+00     
     31.9000000              0.384825E+00     
     13.9600000              0.232852E+00     
      5.1800000              0.293330E-01     
      2.2650000             -0.300574E-02     
      0.9664000              0.166673E-02     
S   13   1.00
 419600.0000000             -0.723754E-05     
  62830.0000000             -0.561733E-04     
  14290.0000000             -0.296528E-03     
   4038.0000000             -0.124913E-02     
   1312.0000000             -0.455101E-02     
    470.5000000             -0.144393E-01     
    181.8000000             -0.403464E-01     
     74.4600000             -0.922618E-01     
     31.9000000             -0.164510E+00     
     13.9600000             -0.141296E+00     
      5.1800000              0.195365E+00     
      2.2650000              0.572475E+00     
      0.9664000              0.374041E+00     
S   13   1.00
 419600.0000000              0.167150E-05     
  62830.0000000              0.129641E-04     
  14290.0000000              0.685101E-04     
   4038.0000000              0.288274E-03     
   1312.0000000              0.105276E-02     
    470.5000000              0.333878E-02     
    181.8000000              0.939217E-02     
     74.4600000              0.216047E-01     
     31.9000000              0.395873E-01     
     13.9600000              0.349180E-01     
      5.1800000             -0.528415E-01     
      2.2650000             -0.191878E+00     
      0.9664000             -0.254115E+00     
S   1   1.00
      0.2447000              1.0000000        
S   1   1.00
      0.1184000              1.0000000        
S   1   1.00
      0.0502100              1.0000000        
P   8   1.00
    891.3000000              0.491755E-03     
    211.3000000              0.415843E-02     
     68.2800000              0.212538E-01     
     25.7000000              0.764058E-01     
     10.6300000              0.194277E+00     
      4.6020000              0.334428E+00     
      2.0150000              0.375026E+00     
      0.8706000              0.204041E+00     
P   8   1.00
    891.3000000             -0.888695E-04     
    211.3000000             -0.745823E-03     
     68.2800000             -0.387025E-02     
     25.7000000             -0.139350E-01     
     10.6300000             -0.366860E-01     
      4.6020000             -0.627797E-01     
      2.0150000             -0.789602E-01     
      0.8706000             -0.288589E-01     
P   1   1.00
      0.2972000              1.0000000        
P   1   1.00
      0.1100000              1.0000000        
P   1   1.00
      0.0398900              1.0000000        
D   1   1.00
      0.0804000              1.0000000        
D   1   1.00
      0.1990000              1.0000000        
D   1   1.00
      0.4940000              1.0000000        
F   1   1.00
      0.1540000              1.0000000        
F   1   1.00
      0.4010000              1.0000000        
G   1   1.00
      0.3570000              1.0000000        
****
Si     0 
S   13   1.00
 513000.0000000              0.260920E-04     
  76820.0000000              0.202905E-03     
  17470.0000000              0.106715E-02     
   4935.0000000              0.450597E-02     
   1602.0000000              0.162359E-01     
    574.1000000              0.508913E-01     
    221.5000000              0.135155E+00     
     90.5400000              0.281292E+00     
     38.7400000              0.385336E+00     
     16.9500000              0.245651E+00     
      6.4520000              0.343145E-01     
      2.8740000             -0.334884E-02     
      1.2500000              0.187625E-02     
S   13   1.00
 513000.0000000             -0.694880E-05     
  76820.0000000             -0.539641E-04     
  17470.0000000             -0.284716E-03     
   4935.0000000             -0.120203E-02     
   1602.0000000             -0.438397E-02     
    574.1000000             -0.139776E-01     
    221.5000000             -0.393516E-01     
     90.5400000             -0.914283E-01     
     38.7400000             -0.165609E+00     
     16.9500000             -0.152505E+00     
      6.4520000              0.168524E+00     
      2.8740000              0.569284E+00     
      1.2500000              0.398056E+00     
S   13   1.00
 513000.0000000              0.178068E-05     
  76820.0000000              0.138148E-04     
  17470.0000000              0.730005E-04     
   4935.0000000              0.307666E-03     
   1602.0000000              0.112563E-02     
    574.1000000              0.358435E-02     
    221.5000000              0.101728E-01     
     90.5400000              0.237520E-01     
     38.7400000              0.443483E-01     
     16.9500000              0.419041E-01     
      6.4520000             -0.502504E-01     
      2.8740000             -0.216578E+00     
      1.2500000             -0.286448E+00     
S   1   1.00
      0.3599000              1.0000000        
S   1   1.00
      0.1699000              1.0000000        
S   1   1.00
      0.0706600              1.0000000        
P   8   1.00
   1122.0000000              0.448143E-03     
    266.0000000              0.381639E-02     
     85.9200000              0.198105E-01     
     32.3300000              0.727017E-01     
     13.3700000              0.189839E+00     
      5.8000000              0.335672E+00     
      2.5590000              0.379365E+00     
      1.1240000              0.201193E+00     
P   8   1.00
   1122.0000000             -0.964883E-04     
    266.0000000             -0.811971E-03     
     85.9200000             -0.430087E-02     
     32.3300000             -0.157502E-01     
     13.3700000             -0.429541E-01     
      5.8000000             -0.752574E-01     
      2.5590000             -0.971446E-01     
      1.1240000             -0.227507E-01     
P   1   1.00
      0.3988000              1.0000000        
P   1   1.00
      0.1533000              1.0000000        
P   1   1.00
      0.0572800              1.0000000        
D   1   1.00
      0.1200000              1.0000000        
D   1   1.00
      0.3020000              1.0000000        
D   1   1.00
      0.7600000              1.0000000        
F   1   1.00
      0.2120000              1.0000000        
F   1   1.00
      0.5410000              1.0000000        
G   1   1.00
      0.4610000              1.0000000        
****
P     0 
S   13   1.00
 615200.0000000              0.247450E-04     
  92120.0000000              0.192465E-03     
  20950.0000000              0.101202E-02     
   5920.0000000              0.427261E-02     
   1922.0000000              0.154161E-01     
    688.0000000              0.485976E-01     
    265.0000000              0.130060E+00     
    108.2000000              0.274514E+00     
     46.2200000              0.385402E+00     
     20.2300000              0.255934E+00     
      7.8590000              0.391237E-01     
      3.5470000             -0.368010E-02     
      1.5640000              0.208211E-02     
S   13   1.00
 615200.0000000             -0.672205E-05     
  92120.0000000             -0.522311E-04     
  20950.0000000             -0.275361E-03     
   5920.0000000             -0.116307E-02     
   1922.0000000             -0.424281E-02     
    688.0000000             -0.136114E-01     
    265.0000000             -0.385114E-01     
    108.2000000             -0.906643E-01     
     46.2200000             -0.166584E+00     
     20.2300000             -0.161447E+00     
      7.8590000              0.146781E+00     
      3.5470000              0.566682E+00     
      1.5640000              0.416433E+00     
S   13   1.00
 615200.0000000              0.184740E-05     
  92120.0000000              0.143380E-04     
  20950.0000000              0.757228E-04     
   5920.0000000              0.319205E-03     
   1922.0000000              0.116851E-02     
    688.0000000              0.374267E-02     
    265.0000000              0.106817E-01     
    108.2000000              0.252657E-01     
     46.2200000              0.479283E-01     
     20.2300000              0.477096E-01     
      7.8590000             -0.466525E-01     
      3.5470000             -0.234968E+00     
      1.5640000             -0.311337E+00     
S   1   1.00
      0.4888000              1.0000000        
S   1   1.00
      0.2266000              1.0000000        
S   1   1.00
      0.0933100              1.0000000        
P   8   1.00
   1367.0000000              0.421015E-03     
    324.0000000              0.360985E-02     
    104.6000000              0.189217E-01     
     39.3700000              0.705560E-01     
     16.2600000              0.188157E+00     
      7.0560000              0.338709E+00     
      3.1300000              0.381943E+00     
      1.3940000              0.195261E+00     
P   8   1.00
   1367.0000000             -0.100827E-03     
    324.0000000             -0.854499E-03     
    104.6000000             -0.457116E-02     
     39.3700000             -0.170327E-01     
     16.2600000             -0.475204E-01     
      7.0560000             -0.852786E-01     
      3.1300000             -0.109676E+00     
      1.3940000             -0.161181E-01     
P   1   1.00
      0.5179000              1.0000000        
P   1   1.00
      0.2032000              1.0000000        
P   1   1.00
      0.0769800              1.0000000        
D   1   1.00
      0.1650000              1.0000000        
D   1   1.00
      0.4130000              1.0000000        
D   1   1.00
      1.0360000              1.0000000        
F   1   1.00
      0.2800000              1.0000000        
F   1   1.00
      0.7030000              1.0000000        
G   1   1.00
      0.5970000              1.0000000        
****
S     0 
S   13   1.00
 727800.0000000              0.236025E-04     
 109000.0000000              0.183482E-03     
  24800.0000000              0.964278E-03     
   7014.0000000              0.406537E-02     
   2278.0000000              0.146973E-01     
    814.7000000              0.465081E-01     
    313.4000000              0.125508E+00     
    127.7000000              0.268433E+00     
     54.4800000              0.384809E+00     
     23.8500000              0.265372E+00     
      9.4280000              0.437326E-01     
      4.2900000             -0.378807E-02     
      1.9090000              0.218083E-02     
S   13   1.00
 727800.0000000             -0.652179E-05     
 109000.0000000             -0.506631E-04     
  24800.0000000             -0.266833E-03     
   7014.0000000             -0.112601E-02     
   2278.0000000             -0.411186E-02     
    814.7000000             -0.132454E-01     
    313.4000000             -0.377004E-01     
    127.7000000             -0.898554E-01     
     54.4800000             -0.167098E+00     
     23.8500000             -0.169354E+00     
      9.4280000              0.127824E+00     
      4.2900000              0.564862E+00     
      1.9090000              0.431767E+00     
S   13   1.00
 727800.0000000              0.189406E-05     
 109000.0000000              0.146948E-04     
  24800.0000000              0.775460E-04     
   7014.0000000              0.326509E-03     
   2278.0000000              0.119686E-02     
    814.7000000              0.384799E-02     
    313.4000000              0.110539E-01     
    127.7000000              0.264645E-01     
     54.4800000              0.508771E-01     
     23.8500000              0.530030E-01     
      9.4280000             -0.425518E-01     
      4.2900000             -0.250853E+00     
      1.9090000             -0.333152E+00     
S   1   1.00
      0.6270000              1.0000000        
S   1   1.00
      0.2873000              1.0000000        
S   1   1.00
      0.1172000              1.0000000        
P   8   1.00
   1546.0000000              0.441183E-03     
    366.4000000              0.377571E-02     
    118.4000000              0.198360E-01     
     44.5300000              0.742063E-01     
     18.3800000              0.197327E+00     
      7.9650000              0.351851E+00     
      3.5410000              0.378687E+00     
      1.5910000              0.170931E+00     
P   8   1.00
   1546.0000000             -0.113110E-03     
    366.4000000             -0.958581E-03     
    118.4000000             -0.513471E-02     
     44.5300000             -0.192641E-01     
     18.3800000             -0.535980E-01     
      7.9650000             -0.960333E-01     
      3.5410000             -0.118183E+00     
      1.5910000              0.923194E-02     
P   1   1.00
      0.6205000              1.0000000        
P   1   1.00
      0.2420000              1.0000000        
P   1   1.00
      0.0901400              1.0000000        
D   1   1.00
      0.2030000              1.0000000        
D   1   1.00
      0.5040000              1.0000000        
D   1   1.00
      1.2500000              1.0000000        
F   1   1.00
      0.3350000              1.0000000        
F   1   1.00
      0.8690000              1.0000000        
G   1   1.00
      0.6830000              1.0000000        
****
Cl     0 
S   13   1.00
 834900.0000000              0.231688E-04     
 125000.0000000              0.180154E-03     
  28430.0000000              0.947782E-03     
   8033.0000000              0.400139E-02     
   2608.0000000              0.144629E-01     
    933.9000000              0.456586E-01     
    360.0000000              0.123248E+00     
    147.0000000              0.264369E+00     
     62.8800000              0.382989E+00     
     27.6000000              0.270934E+00     
     11.0800000              0.471404E-01     
      5.0750000             -0.371766E-02     
      2.2780000              0.219158E-02     
S   13   1.00
 834900.0000000             -0.649649E-05     
 125000.0000000             -0.504895E-04     
  28430.0000000             -0.266113E-03     
   8033.0000000             -0.112499E-02     
   2608.0000000             -0.410497E-02     
    933.9000000             -0.131987E-01     
    360.0000000             -0.375342E-01     
    147.0000000             -0.897233E-01     
     62.8800000             -0.167671E+00     
     27.6000000             -0.174763E+00     
     11.0800000              0.114909E+00     
      5.0750000              0.563618E+00     
      2.2780000              0.441606E+00     
S   13   1.00
 834900.0000000              0.196645E-05     
 125000.0000000              0.152620E-04     
  28430.0000000              0.806086E-04     
   8033.0000000              0.339960E-03     
   2608.0000000              0.124551E-02     
    933.9000000              0.399612E-02     
    360.0000000              0.114751E-01     
    147.0000000              0.275504E-01     
     62.8800000              0.532917E-01     
     27.6000000              0.571246E-01     
     11.0800000             -0.395201E-01     
      5.0750000             -0.264343E+00     
      2.2780000             -0.349291E+00     
S   1   1.00
      0.7775000              1.0000000        
S   1   1.00
      0.3527000              1.0000000        
S   1   1.00
      0.1431000              1.0000000        
P   8   1.00
   1703.0000000              0.474039E-03     
    403.6000000              0.406412E-02     
    130.3000000              0.213355E-01     
     49.0500000              0.794611E-01     
     20.2600000              0.208927E+00     
      8.7870000              0.364945E+00     
      3.9190000              0.371725E+00     
      1.7650000              0.146292E+00     
P   8   1.00
   1703.0000000             -0.128266E-03     
    403.6000000             -0.109356E-02     
    130.3000000             -0.583429E-02     
     49.0500000             -0.219258E-01     
     20.2600000             -0.601385E-01     
      8.7870000             -0.106929E+00     
      3.9190000             -0.122454E+00     
      1.7650000              0.383619E-01     
P   1   1.00
      0.7207000              1.0000000        
P   1   1.00
      0.2839000              1.0000000        
P   1   1.00
      0.1060000              1.0000000        
D   1   1.00
      0.2540000              1.0000000        
D   1   1.00
      0.6280000              1.0000000        
D   1   1.00
      1.5510000              1.0000000        
F   1   1.00
      0.4230000              1.0000000        
F   1   1.00
      1.0890000              1.0000000        
G   1   1.00
      0.8270000              1.0000000        
****
Ar     0 
S   13   1.00
 950600.0000000              0.227545E-04     
 142300.0000000              0.176945E-03     
  32360.0000000              0.931282E-03     
   9145.0000000              0.392860E-02     
   2970.0000000              0.142064E-01     
   1064.0000000              0.448114E-01     
    410.8000000              0.121001E+00     
    168.0000000              0.260579E+00     
     71.9900000              0.381364E+00     
     31.6700000              0.276058E+00     
     12.8900000              0.505179E-01     
      5.9290000             -0.359866E-02     
      2.6780000              0.218798E-02     
S   13   1.00
 950600.0000000             -0.646201E-05     
 142300.0000000             -0.502346E-04     
  32360.0000000             -0.264804E-03     
   9145.0000000             -0.111895E-02     
   2970.0000000             -0.408276E-02     
   1064.0000000             -0.131216E-01     
    410.8000000             -0.372855E-01     
    168.0000000             -0.894709E-01     
     71.9900000             -0.168054E+00     
     31.6700000             -0.179594E+00     
     12.8900000              0.102953E+00     
      5.9290000              0.562630E+00     
      2.6780000              0.450355E+00     
S   13   1.00
 950600.0000000              0.202056E-05     
 142300.0000000              0.156851E-04     
  32360.0000000              0.828617E-04     
   9145.0000000              0.349264E-03     
   2970.0000000              0.127976E-02     
   1064.0000000              0.410365E-02     
    410.8000000              0.117789E-01     
    168.0000000              0.283868E-01     
     71.9900000              0.552406E-01     
     31.6700000              0.607492E-01     
     12.8900000             -0.362012E-01     
      5.9290000             -0.275398E+00     
      2.6780000             -0.362845E+00     
S   1   1.00
      0.9416000              1.0000000        
S   1   1.00
      0.4239000              1.0000000        
S   1   1.00
      0.1714000              1.0000000        
P   8   1.00
   1890.0000000              0.495752E-03     
    447.8000000              0.425172E-02     
    144.6000000              0.223277E-01     
     54.4600000              0.830878E-01     
     22.5100000              0.217110E+00     
      9.7740000              0.374507E+00     
      4.3680000              0.366445E+00     
      1.9590000              0.129245E+00     
P   8   1.00
   1890.0000000             -0.138863E-03     
    447.8000000             -0.118870E-02     
    144.6000000             -0.632553E-02     
     54.4600000             -0.238813E-01     
     22.5100000             -0.649238E-01     
      9.7740000             -0.115444E+00     
      4.3680000             -0.123651E+00     
      1.9590000              0.649055E-01     
P   1   1.00
      0.8260000              1.0000000        
P   1   1.00
      0.3297000              1.0000000        
P   1   1.00
      0.1242000              1.0000000        
D   1   1.00
      0.3110000              1.0000000        
D   1   1.00
      0.7630000              1.0000000        
D   1   1.00
      1.8730000              1.0000000        
F   1   1.00
      0.5430000              1.0000000        
F   1   1.00
      1.3250000              1.0000000        
G   1   1.00
      1.0070000              1.0000000        
****
Ca     0 
S   19   1.00
 7503960.0000000             0.00000224       
 1123486.0000000             0.00001744       
 255663.5000000              0.00009177       
  72416.0600000              0.00038768       
  23626.0400000              0.00141185       
   8529.9860000              0.00459359       
   3327.3410000              0.01359733       
   1380.3540000              0.03667360       
    602.2149000              0.08872076       
    273.8874000              0.18414893       
    128.9451000              0.30074216       
     62.4229900              0.32434815       
     30.5743700              0.17195747       
     13.8552200              0.02480933       
      6.8362040             -0.00103408       
      3.3781530              0.00101290       
      1.4919070             -0.00046678       
      0.7211400              0.00018662       
      0.3341520             -0.00008808       
S   19   1.00
 7503960.0000000            -0.00000065       
 1123486.0000000            -0.00000507       
 255663.5000000             -0.00002663       
  72416.0600000             -0.00011266       
  23626.0400000             -0.00041030       
   8529.9860000             -0.00134111       
   3327.3410000             -0.00399404       
   1380.3540000             -0.01098903       
    602.2149000             -0.02756447       
    273.8874000             -0.06216246       
    128.9451000             -0.11860476       
     62.4229900             -0.17410494       
     30.5743700             -0.11847714       
     13.8552200              0.19457468       
      6.8362040              0.54661131       
      3.3781530              0.38126324       
      1.4919070              0.05187853       
      0.7211400             -0.00204996       
      0.3341520              0.00168809       
S   19   1.00
 7503960.0000000             0.00000022       
 1123486.0000000             0.00000175       
 255663.5000000              0.00000918       
  72416.0600000              0.00003888       
  23626.0400000              0.00014138       
   8529.9860000              0.00046324       
   3327.3410000              0.00137731       
   1380.3540000              0.00380786       
    602.2149000              0.00955641       
    273.8874000              0.02183132       
    128.9451000              0.04214951       
     62.4229900              0.06462845       
     30.5743700              0.04535983       
     13.8552200             -0.08249853       
      6.8362040             -0.32315107       
      3.3781530             -0.36063496       
      1.4919070              0.20438954       
      0.7211400              0.69610089       
      0.3341520              0.36177498       
S   19   1.00
 7503960.0000000            -0.00000005       
 1123486.0000000            -0.00000042       
 255663.5000000             -0.00000219       
  72416.0600000             -0.00000929       
  23626.0400000             -0.00003374       
   8529.9860000             -0.00011070       
   3327.3410000             -0.00032862       
   1380.3540000             -0.00091050       
    602.2149000             -0.00228090       
    273.8874000             -0.00523095       
    128.9451000             -0.01008361       
     62.4229900             -0.01561294       
     30.5743700             -0.01088338       
     13.8552200              0.01995768       
      6.8362040              0.08348860       
      3.3781530              0.09594951       
      1.4919070             -0.06395772       
      0.7211400             -0.24522487       
      0.3341520             -0.28584670       
S   1   1.00
      0.0823820              1.0000000        
S   1   1.00
      0.0416550              1.0000000        
S   1   1.00
      0.0199730              1.0000000        
P   13   1.00
   9363.0100000              0.00004617       
   2216.2550000              0.00041049       
    719.7596000              0.00235567       
    275.1728000              0.01025491       
    116.3924000              0.03566035       
     52.7777000              0.09964056       
     25.1318800              0.21320626       
     12.3141600              0.33153524       
      6.1667970              0.32934263       
      3.1142790              0.15466414       
      1.5190130              0.02215526       
      0.7254350              0.00055191       
      0.3409260              0.00015177       
P   13   1.00
   9363.0100000             -0.00001505       
   2216.2550000             -0.00013361       
    719.7596000             -0.00077014       
    275.1728000             -0.00336453       
    116.3924000             -0.01186624       
     52.7777000             -0.03389423       
     25.1318800             -0.07514329       
     12.3141600             -0.12144348       
      6.1667970             -0.12922084       
      3.1142790              0.01587703       
      1.5190130              0.30853676       
      0.7254350              0.47281521       
      0.3409260              0.29410281       
P   13   1.00
   9363.0100000              0.00000313       
   2216.2550000              0.00002795       
    719.7596000              0.00016003       
    275.1728000              0.00070417       
    116.3924000              0.00246922       
     52.7777000              0.00711899       
     25.1318800              0.01569017       
     12.3141600              0.02578564       
      6.1667970              0.02693656       
      3.1142790             -0.00485586       
      1.5190130             -0.07654212       
      0.7254350             -0.11554459       
      0.3409260             -0.12127062       
P   1   1.00
      0.1440000              1.0000000        
P   1   1.00
      0.0580000              1.0000000        
P   1   1.00
      0.0231600              1.0000000        
D   4   1.00
     26.2708300              0.00734600       
      7.3078200              0.04090100       
      2.4549800              0.13006500       
      0.8871400              0.24415100       
D   1   1.00
      0.3092500              1.0000000        
D   1   1.00
      0.1031600              1.0000000        
D   1   1.00
      0.0337400              1.0000000        
F   1   1.00
      0.4883000              1.0000000        
F   1   1.00
      0.1165000              1.0000000        
G   1   1.00
      0.1466000              1.0000000        
****
Cu     0 
S   21   1.00
 16665490.0000000            1.92221E-06      
 2495213.0000000             1.494655E-05     
 567850.7000000              7.863106E-05     
 160853.1000000              0.0003321189     
  52481.8600000              0.001209649      
  18948.8500000              0.003936231      
   7391.6550000              0.01166031       
   3066.5170000              0.03149512       
   1337.9940000              0.07646385       
    608.7830000              0.1595162        
    286.8980000              0.2618983        
    139.1530000              0.2816708        
     68.4945500              0.1509587        
     31.6010800              0.07041955       
     15.9915800              0.1180039        
      8.0565100              0.08015187       
      3.6903290              0.01020122       
      1.7629020             -0.0003720464     
      0.8012690             -2.206886E-05     
      0.1842430             -2.401085E-05     
      0.0817930              1.529816E-05     
S   21   1.00
 16665490.0000000           -1.082642E-06     
 2495213.0000000            -8.420869E-06     
 567850.7000000             -4.428625E-05     
 160853.1000000             -0.0001872071     
  52481.8600000             -0.0006819265     
  18948.8500000             -0.002225485      
   7391.6550000             -0.00661962       
   3066.5170000             -0.0181140        
   1337.9940000             -0.04506622       
    608.7830000             -0.09955443       
    286.8980000             -0.1830558        
    139.1530000             -0.2510577        
     68.4945500             -0.1703417        
     31.6010800              0.1900077        
     15.9915800              0.5507048        
      8.0565100              0.3642532        
      3.6903290              0.04868977       
      1.7629020             -0.003799993      
      0.8012690             -0.0003156308     
      0.1842430             -0.0002430411     
      0.0817930              0.0001553645     
S   21   1.00
 16665490.0000000            2.389605E-07     
 2495213.0000000             1.860009E-06     
 567850.7000000              9.77258E-06      
 160853.1000000              4.137619E-05     
  52481.8600000              0.0001505588     
  18948.8500000              0.0004932175     
   7391.6550000              0.001469467      
   3066.5170000              0.004071487      
   1337.9940000              0.01030091       
    608.7830000              0.02381408       
    286.8980000              0.04707008       
    139.1530000              0.0742445        
     68.4945500              0.05657657       
     31.6010800             -0.09760862       
     15.9915800             -0.3856399        
      8.0565100             -0.3540312        
      3.6903290              0.2983959        
      1.7629020              0.6861809        
      0.8012690              0.3150989        
      0.1842430              0.01394564       
      0.0817930             -0.00361164       
S   21   1.00
 16665490.0000000           -4.823436E-08     
 2495213.0000000            -3.753858E-07     
 567850.7000000             -1.972743E-06     
 160853.1000000             -8.349961E-06     
  52481.8600000             -3.039535E-05     
  18948.8500000             -9.95301E-05      
   7391.6550000             -0.0002967188     
   3066.5170000             -0.0008217293     
   1337.9940000             -0.002081377      
    608.7830000             -0.004811149      
    286.8980000             -0.009537683      
    139.1530000             -0.01507351       
     68.4945500             -0.01161088       
     31.6010800              0.02032716       
     15.9915800              0.08327403       
      8.0565100              0.07953125       
      3.6903290             -0.07901524       
      1.7629020             -0.2054312        
      0.8012690             -0.1985134        
      0.1842430              0.2627133        
      0.0817930              0.5794031        
S   21   1.00
 16665490.0000000           -8.876635E-08     
 2495213.0000000            -7.032135E-07     
 567850.7000000             -3.601366E-06     
 160853.1000000             -1.576871E-05     
  52481.8600000             -5.499726E-05     
  18948.8500000             -0.0001897055     
   7391.6550000             -0.0005311656     
   3066.5170000             -0.001584593      
   1337.9940000             -0.003671316      
    608.7830000             -0.009458893      
    286.8980000             -0.01630134       
    139.1530000             -0.03145402       
     68.4945500             -0.01444712       
     31.6010800              0.02037856       
     15.9915800              0.1997307        
      8.0565100              0.09475926       
      3.6903290             -0.07935398       
      1.7629020             -0.7591353        
      0.8012690              0.2365079        
      0.1842430              1.4226040        
      0.0817930             -0.3066203        
S   21   1.00
 16665490.0000000           -1.849356E-07     
 2495213.0000000            -1.461905E-06     
 567850.7000000             -7.510534E-06     
 160853.1000000             -3.274989E-05     
  52481.8600000             -0.0001148239     
  18948.8500000             -0.0003935903     
   7391.6550000             -0.001110617      
   3066.5170000             -0.003284174      
   1337.9940000             -0.007697235      
    608.7830000             -0.01959013       
    286.8980000             -0.03444712       
    139.1530000             -0.06507176       
     68.4945500             -0.03269416       
     31.6010800              0.04738915       
     15.9915800              0.4333712        
      8.0565100              0.3189521        
      3.6903290             -0.7281955        
      1.7629020             -1.6631160        
      0.8012690              2.5132670        
      0.1842430             -0.3736861        
      0.0817930             -1.4791020        
S   21   1.00
 16665490.0000000           -1.980951E-07     
 2495213.0000000            -1.446191E-06     
 567850.7000000             -8.326308E-06     
 160853.1000000             -3.11938E-05      
  52481.8600000             -0.0001320842     
  18948.8500000             -0.0003585362     
   7391.6550000             -0.001333996      
   3066.5170000             -0.002824728      
   1337.9940000             -0.009806333      
    608.7830000             -0.01529323       
    286.8980000             -0.04956573       
    139.1530000             -0.03583468       
     68.4945500             -0.1044906        
     31.6010800              0.2105854        
     15.9915800              0.1646732        
      8.0565100              1.1505130        
      3.6903290             -3.4837320        
      1.7629020              2.5166360        
      0.8012690              0.4429064        
      0.1842430             -3.4043100        
      0.0817930              4.6278500        
S   1   1.00
      0.0353030              1.0000000        
P   16   1.00
  48218.4100000              0.0000110        
  11420.5500000              0.0000970        
   3713.5690000              0.0005690        
   1423.7620000              0.0025890        
    606.6041000              0.0097420        
    278.2564000              0.0309300        
    134.8449000              0.0825300        
     68.1225400              0.1777580        
     35.4008800              0.2922250        
     18.7902900              0.3303490        
     10.0835600              0.2068630        
      5.3461200              0.0527930        
      2.7752280              0.0017180        
      1.4075640             -0.0017010        
      0.6872130             -0.0009760        
      0.2468220             -0.0000540        
P   17   1.00
  48218.4100000             -0.0000040        
  11420.5500000             -0.0000350        
   3713.5690000             -0.0002060        
   1423.7620000             -0.0009410        
    606.6041000             -0.0035560        
    278.2564000             -0.0114610        
    134.8449000             -0.0313090        
     68.1225400             -0.0701390        
     35.4008800             -0.1205620        
     18.7902900             -0.1435520        
     10.0835600             -0.0403270        
      5.3461200              0.2084660        
      2.7752280              0.4087240        
      1.4075640              0.3682010        
      0.6872130              0.1596530        
      0.2468220              0.0159550        
      0.0962200             -0.0016810        
P   17   1.00
  48218.4100000              0.0000010        
  11420.5500000              0.0000070        
   3713.5690000              0.0000400        
   1423.7620000              0.0001820        
    606.6041000              0.0006970        
    278.2564000              0.0022200        
    134.8449000              0.0061630        
     68.1225400              0.0136310        
     35.4008800              0.0240330        
     18.7902900              0.0278620        
     10.0835600              0.0079750        
      5.3461200             -0.0511330        
      2.7752280             -0.0923050        
      1.4075640             -0.1064580        
      0.6872130              0.0037380        
      0.2468220              0.3105410        
      0.0962200              0.5419030        
P   17   1.00
  48218.4100000              0.0000020        
  11420.5500000              0.0000130        
   3713.5690000              0.0000790        
   1423.7620000              0.0003490        
    606.6041000              0.0013730        
    278.2564000              0.0042610        
    134.8449000              0.0121460        
     68.1225400              0.0260640        
     35.4008800              0.0479070        
     18.7902900              0.0528290        
     10.0835600              0.0215750        
      5.3461200             -0.1177830        
      2.7752280             -0.1883970        
      1.4075640             -0.2019160        
      0.6872130              0.1737430        
      0.2468220              0.6368480        
      0.0962200              0.3515180        
P   17   1.00
  48218.4100000              0.0000030        
  11420.5500000              0.0000250        
   3713.5690000              0.0001630        
   1423.7620000              0.0006760        
    606.6041000              0.0028080        
    278.2564000              0.0082550        
    134.8449000              0.0249460        
     68.1225400              0.0501600        
     35.4008800              0.1002890        
     18.7902900              0.1023190        
     10.0835600              0.0772410        
      5.3461200             -0.3844490        
      2.7752280             -0.4513540        
      1.4075640             -0.0947780        
      0.6872130              1.1731180        
      0.2468220             -0.0541330        
      0.0962200             -0.7282440        
P   17   1.00
  48218.4100000              0.0000040        
  11420.5500000              0.0000370        
   3713.5690000              0.0001900        
   1423.7620000              0.0009780        
    606.6041000              0.0033080        
    278.2564000              0.0119800        
    134.8449000              0.0292070        
     68.1225400              0.0751220        
     35.4008800              0.1078350        
     18.7902900              0.2073790        
     10.0835600              0.0604060        
      5.3461200             -0.8949770        
      2.7752280             -0.5584020        
      1.4075640              1.8997060        
      0.6872130             -0.5022240        
      0.2468220             -1.1824130        
      0.0962200              1.0445070        
P   1   1.00
      0.0370370              1.0000000        
D   10   1.00
    527.8860000              0.0002560        
    158.7330000              0.0023780        
     61.5556000              0.0127220        
     26.8834000              0.0450120        
     12.5175000              0.1171960        
      6.0697700              0.2185550        
      2.9583190              0.2914480        
      1.4141220              0.2971380        
      0.6533290              0.2360920        
      0.2866920              0.1314440        
D   10   1.00
    527.8860000             -0.0003160        
    158.7330000             -0.0029580        
     61.5556000             -0.0158770        
     26.8834000             -0.0568640        
     12.5175000             -0.1535840        
      6.0697700             -0.2811390        
      2.9583190             -0.2685180        
      1.4141220              0.0231300        
      0.6533290              0.3566200        
      0.2866920              0.4184700        
D   10   1.00
    527.8860000              0.0003790        
    158.7330000              0.0035730        
     61.5556000              0.0192290        
     26.8834000              0.0699030        
     12.5175000              0.1993800        
      6.0697700              0.3488480        
      2.9583190              0.0513940        
      1.4141220             -0.5596790        
      0.6533290             -0.3845810        
      0.2866920              0.4389250        
D   10   1.00
    527.8860000             -0.0005930        
    158.7330000             -0.0051060        
     61.5556000             -0.0299220        
     26.8834000             -0.1032930        
     12.5175000             -0.3595680        
      6.0697700             -0.4128070        
      2.9583190              0.7476890        
      1.4141220              0.5425150        
      0.6533290             -0.9777060        
      0.2866920             -0.0886030        
D   1   1.00
      0.1150140              1.0000000        
F   1   1.00
      7.7344000              1.0000000        
F   1   1.00
      2.3909000              1.0000000        
F   1   1.00
      0.7391000              1.0000000        
G   1   1.00
      6.0075000              1.0000000        
G   1   1.00
      1.7760000              1.0000000        
H   1   1.00
      3.7909000              1.0000000        
****
Zn     0 
S   21   1.00
      0.1785293E+08          2.106603E-06     
 2673038.0000000             1.638051E-05     
 608324.4000000              8.617178E-05     
 172317.6000000              0.0003640028     
  56222.6900000              0.001325778      
  20299.8500000              0.004315394      
   7918.8710000              0.01278917       
   3285.3400000              0.03459541       
   1433.5240000              0.08423468       
    652.2889000              0.1769497        
    307.4360000              0.2947718        
    149.1466000              0.3286054        
     73.4510800              0.1837326        
     33.9256200              0.0284564        
     17.1894700             -0.001562471      
      8.6665950              0.001057694      
      3.9725050             -0.0004832147     
      1.8946650              0.0001795943     
      0.8593850             -7.198366E-05     
      0.1952560              2.200105E-05     
      0.0858540             -1.56551E-05      
S   21   1.00
      0.1785293E+08         -6.503871E-07     
 2673038.0000000            -5.059606E-06     
 608324.4000000             -2.660362E-05     
 172317.6000000             -0.0001125168     
  56222.6900000             -0.0004098844     
  20299.8500000             -0.001340085      
   7918.8710000             -0.003996271      
   3285.3400000             -0.01102397       
   1433.5240000             -0.02783658       
    652.2889000             -0.0635220        
    307.4360000             -0.1235647        
    149.1466000             -0.1860330        
     73.4510800             -0.1345412        
     33.9256200              0.2026370        
     17.1894700              0.5627948        
      8.6665950              0.3687315        
      3.9725050              0.05055865       
      1.8946650             -0.00028561       
      0.8593850              0.001213965      
      0.1952560             -0.0001706895     
      0.0858540              0.0001266229     
S   21   1.00
      0.1785293E+08          2.455424E-07     
 2673038.0000000             1.911263E-06     
 608324.4000000              1.004137E-05     
 172317.6000000              4.25171E-05      
  56222.6900000              0.0001546957     
  20299.8500000              0.0005068054     
   7918.8710000              0.001509742      
   3285.3400000              0.004183744      
   1433.5240000              0.01058425       
    652.2889000              0.02447935       
    307.4360000              0.04837945       
    149.1466000              0.07630985       
     73.4510800              0.05798021       
     33.9256200             -0.1010517        
     17.1894700             -0.3950702        
      8.6665950             -0.3534286        
      3.9725050              0.3070109        
      1.8946650              0.6935144        
      0.8593850              0.3040583        
      0.1952560              0.01003318       
      0.0858540             -0.004007622      
S   21   1.00
      0.1785293E+08          4.916948E-08     
 2673038.0000000             3.829348E-07     
 608324.4000000              2.010287E-06     
 172317.6000000              8.520784E-06     
  56222.6900000              3.096268E-05     
  20299.8500000              0.000101604      
   7918.8710000              0.0003021322     
   3285.3400000              0.0008393851     
   1433.5240000              0.00211904       
    652.2889000              0.004923291      
    307.4360000              0.009713665      
    149.1466000              0.01549413       
     73.4510800              0.0117057        
     33.9256200             -0.02068558       
     17.1894700             -0.08652477       
      8.6665950             -0.07840824       
      3.9725050              0.07950591       
      1.8946650              0.2182560        
      0.8593850              0.1957366        
      0.1952560             -0.3195337        
      0.0858540             -0.5833695        
S   21   1.00
      0.1785293E+08         -1.379282E-07     
 2673038.0000000            -1.098688E-06     
 608324.4000000             -5.581627E-06     
 172317.6000000             -2.469757E-05     
  56222.6900000             -8.4997E-05       
  20299.8500000             -0.000297955      
   7918.8710000             -0.0008180999     
   3285.3400000             -0.002498043      
   1433.5240000             -0.005630866      
    652.2889000             -0.01501607       
    307.4360000             -0.02479935       
    149.1466000             -0.05092472       
     73.4510800             -0.01923797       
     33.9256200              0.0248084        
     17.1894700              0.3402582        
      8.6665950              0.1317501        
      3.9725050             -0.2092734        
      1.8946650             -1.2899700        
      0.8593850              0.9898685        
      0.1952560              1.4779600        
      0.0858540             -1.2347640        
S   21   1.00
      0.1785293E+08         -1.951222E-07     
 2673038.0000000            -1.513488E-06     
 608324.4000000             -7.991991E-06     
 172317.6000000             -3.361493E-05     
  56222.6900000             -0.0001233416     
  20299.8500000             -0.0004000292     
   7918.8710000             -0.001206705      
   3285.3400000             -0.003298144      
   1433.5240000             -0.008503531      
    652.2889000             -0.01932075       
    307.4360000             -0.0395118        
    149.1466000             -0.06074193       
     73.4510800             -0.05154698       
     33.9256200              0.0906352        
     17.1894700              0.3930253        
      8.6665950              0.5283548        
      3.9725050             -1.4626110        
      1.8946650             -0.8366769        
      0.8593850              2.6151680        
      0.1952560             -2.2413220        
      0.0858540              0.7597394        
S   21   1.00
      0.1785293E+08         -2.631275E-07     
 2673038.0000000            -1.954514E-06     
 608324.4000000             -1.098059E-05     
 172317.6000000             -4.252529E-05     
  56222.6900000             -0.0001728905     
  20299.8500000             -0.0004940605     
   7918.8710000             -0.001731281      
   3285.3400000             -0.003952778      
   1433.5240000             -0.01260194       
    652.2889000             -0.02205362       
    307.4360000             -0.06268701       
    149.1466000             -0.05878225       
     73.4510800             -0.1200370        
     33.9256200              0.2236128        
     17.1894700              0.4980742        
      8.6665950              1.1915800        
      3.9725050             -5.6490630        
      1.8946650              6.8434890        
      0.8593850             -3.3201000        
      0.1952560             -0.2249601        
      0.0858540              1.9021540        
S   1   1.00
      0.0367810              1.0000000        
P   17   1.00
  52867.9300000              0.0000110        
  12511.7900000              0.0000940        
   4065.2860000              0.0005510        
   1557.5950000              0.0025110        
    663.2892000              0.0094700        
    304.1561000              0.0301690        
    147.3680000              0.0808550        
     74.4546900              0.1751390        
     38.7149300              0.2897160        
     20.5702200              0.3298490        
     11.0542500              0.2092940        
      5.8746610              0.0562590        
      3.0529360              0.0050520        
      1.5472250              0.0009970        
      0.7541510              0.0001870        
      0.2653490              0.0000510        
      0.1020670             -0.0000130        
P   17   1.00
  52867.9300000             -0.0000040        
  12511.7900000             -0.0000350        
   4065.2860000             -0.0002060        
   1557.5950000             -0.0009420        
    663.2892000             -0.0035700        
    304.1561000             -0.0115400        
    147.3680000             -0.0316520        
     74.4546900             -0.0712850        
     38.7149300             -0.1232840        
     20.5702200             -0.1476380        
     11.0542500             -0.0444770        
      5.8746610              0.2053650        
      3.0529360              0.4100860        
      1.5472250              0.3721450        
      0.7541510              0.1581180        
      0.2653490              0.0145400        
      0.1020670             -0.0016080        
P   17   1.00
  52867.9300000              0.0000010        
  12511.7900000              0.0000060        
   4065.2860000              0.0000380        
   1557.5950000              0.0001730        
    663.2892000              0.0006640        
    304.1561000              0.0021200        
    147.3680000              0.0059160        
     74.4546900              0.0131530        
     38.7149300              0.0233720        
     20.5702200              0.0272210        
     11.0542500              0.0083340        
      5.8746610             -0.0488600        
      3.0529360             -0.0888940        
      1.5472250             -0.1036180        
      0.7541510              0.0010510        
      0.2653490              0.3030640        
      0.1020670              0.5427240        
P   17   1.00
  52867.9300000              0.0000010        
  12511.7900000              0.0000110        
   4065.2860000              0.0000670        
   1557.5950000              0.0002960        
    663.2892000              0.0011570        
    304.1561000              0.0036340        
    147.3680000              0.0103070        
     74.4546900              0.0224820        
     38.7149300              0.0410330        
     20.5702200              0.0464600        
     11.0542500              0.0181460        
      5.8746610             -0.0943640        
      3.0529360             -0.1601770        
      1.5472250             -0.1808950        
      0.7541510              0.0948260        
      0.2653490              0.6291530        
      0.1020670              0.4083180        
P   17   1.00
  52867.9300000              0.0000030        
  12511.7900000              0.0000240        
   4065.2860000              0.0001590        
   1557.5950000              0.0006460        
    663.2892000              0.0027470        
    304.1561000              0.0079380        
    147.3680000              0.0246010        
     74.4546900              0.0485760        
     38.7149300              0.1006820        
     20.5702200              0.0984680        
     11.0542500              0.0862350        
      5.8746610             -0.3793800        
      3.0529360             -0.4203930        
      1.5472250             -0.1825620        
      0.7541510              1.1778870        
      0.2653490              0.0519740        
      0.1020670             -0.7444770        
P   17   1.00
  52867.9300000             -0.0000030        
  12511.7900000             -0.0000360        
   4065.2860000             -0.0001740        
   1557.5950000             -0.0009530        
    663.2892000             -0.0030470        
    304.1561000             -0.0117360        
    147.3680000             -0.0270160        
     74.4546900             -0.0747980        
     38.7149300             -0.0982370        
     20.5702200             -0.2150840        
     11.0542500             -0.0322140        
      5.8746610              0.7563080        
      3.0529360              0.7019320        
      1.5472250             -1.8141870        
      0.7541510              0.2914540        
      0.2653490              1.2956230        
      0.1020670             -1.0670890        
P   1   1.00
      0.0387550              1.0000000        
D   10   1.00
    639.7806000              0.0002080        
    192.6742000              0.0019540        
     74.8436800              0.0107110        
     32.8604800              0.0390570        
     15.3935300              0.1048480        
      7.5255120              0.2045690        
      3.7154290              0.2852080        
      1.8064590              0.3014460        
      0.8529730              0.2462280        
      0.3847800              0.1390160        
D   10   1.00
    639.7806000             -0.0002900        
    192.6742000             -0.0027380        
     74.8436800             -0.0151110        
     32.8604800             -0.0556430        
     15.3935300             -0.1558640        
      7.5255120             -0.3034890        
      3.7154290             -0.3062760        
      1.8064590              0.0333950        
      0.8529730              0.4000750        
      0.3847800              0.3899720        
D   10   1.00
    639.7806000             -0.0003170        
    192.6742000             -0.0030560        
     74.8436800             -0.0167530        
     32.8604800             -0.0627120        
     15.3935300             -0.1879800        
      7.5255120             -0.3720840        
      3.7154290             -0.0234390        
      1.8064590              0.6054700        
      0.8529730              0.3230630        
      0.3847800             -0.4713720        
D   10   1.00
    639.7806000              0.0004520        
    192.6742000              0.0038790        
     74.8436800              0.0235700        
     32.8604800              0.0825260        
     15.3935300              0.2972800        
      7.5255120              0.4368320        
      3.7154290             -0.6042900        
      1.8064590             -0.6746050        
      0.8529730              0.9387020        
      0.3847800              0.2779680        
D   1   1.00
      0.1593370              1.0000000        
F   1   1.00
      8.6960000              1.0000000        
F   1   1.00
      2.7236000              1.0000000        
F   1   1.00
      0.8530000              1.0000000        
G   1   1.00
      6.8933000              1.0000000        
G   1   1.00
      2.0693000              1.0000000        
H   1   1.00
      4.4136000              1.0000000      
