Zn     0 
S   21   1.00
      0.1785293E+08          2.106603E-06     
 2673038.0000000             1.638051E-05     
 608324.4000000              8.617178E-05     
 172317.6000000              0.0003640028     
  56222.6900000              0.001325778      
  20299.8500000              0.004315394      
   7918.8710000              0.01278917       
   3285.3400000              0.03459541       
   1433.5240000              0.08423468       
    652.2889000              0.1769497        
    307.4360000              0.2947718        
    149.1466000              0.3286054        
     73.4510800              0.1837326        
     33.9256200              0.0284564        
     17.1894700             -0.001562471      
      8.6665950              0.001057694      
      3.9725050             -0.0004832147     
      1.8946650              0.0001795943     
      0.8593850             -7.198366E-05     
      0.1952560              2.200105E-05     
      0.0858540             -1.56551E-05      
S   21   1.00
      0.1785293E+08         -6.503871E-07     
 2673038.0000000            -5.059606E-06     
 608324.4000000             -2.660362E-05     
 172317.6000000             -0.0001125168     
  56222.6900000             -0.0004098844     
  20299.8500000             -0.001340085      
   7918.8710000             -0.003996271      
   3285.3400000             -0.01102397       
   1433.5240000             -0.02783658       
    652.2889000             -0.0635220        
    307.4360000             -0.1235647        
    149.1466000             -0.1860330        
     73.4510800             -0.1345412        
     33.9256200              0.2026370        
     17.1894700              0.5627948        
      8.6665950              0.3687315        
      3.9725050              0.05055865       
      1.8946650             -0.00028561       
      0.8593850              0.001213965      
      0.1952560             -0.0001706895     
      0.0858540              0.0001266229     
S   21   1.00
      0.1785293E+08          2.455424E-07     
 2673038.0000000             1.911263E-06     
 608324.4000000              1.004137E-05     
 172317.6000000              4.25171E-05      
  56222.6900000              0.0001546957     
  20299.8500000              0.0005068054     
   7918.8710000              0.001509742      
   3285.3400000              0.004183744      
   1433.5240000              0.01058425       
    652.2889000              0.02447935       
    307.4360000              0.04837945       
    149.1466000              0.07630985       
     73.4510800              0.05798021       
     33.9256200             -0.1010517        
     17.1894700             -0.3950702        
      8.6665950             -0.3534286        
      3.9725050              0.3070109        
      1.8946650              0.6935144        
      0.8593850              0.3040583        
      0.1952560              0.01003318       
      0.0858540             -0.004007622      
S   21   1.00
      0.1785293E+08          4.916948E-08     
 2673038.0000000             3.829348E-07     
 608324.4000000              2.010287E-06     
 172317.6000000              8.520784E-06     
  56222.6900000              3.096268E-05     
  20299.8500000              0.000101604      
   7918.8710000              0.0003021322     
   3285.3400000              0.0008393851     
   1433.5240000              0.00211904       
    652.2889000              0.004923291      
    307.4360000              0.009713665      
    149.1466000              0.01549413       
     73.4510800              0.0117057        
     33.9256200             -0.02068558       
     17.1894700             -0.08652477       
      8.6665950             -0.07840824       
      3.9725050              0.07950591       
      1.8946650              0.2182560        
      0.8593850              0.1957366        
      0.1952560             -0.3195337        
      0.0858540             -0.5833695        
S   21   1.00
      0.1785293E+08         -1.379282E-07     
 2673038.0000000            -1.098688E-06     
 608324.4000000             -5.581627E-06     
 172317.6000000             -2.469757E-05     
  56222.6900000             -8.4997E-05       
  20299.8500000             -0.000297955      
   7918.8710000             -0.0008180999     
   3285.3400000             -0.002498043      
   1433.5240000             -0.005630866      
    652.2889000             -0.01501607       
    307.4360000             -0.02479935       
    149.1466000             -0.05092472       
     73.4510800             -0.01923797       
     33.9256200              0.0248084        
     17.1894700              0.3402582        
      8.6665950              0.1317501        
      3.9725050             -0.2092734        
      1.8946650             -1.2899700        
      0.8593850              0.9898685        
      0.1952560              1.4779600        
      0.0858540             -1.2347640        
S   21   1.00
      0.1785293E+08         -1.951222E-07     
 2673038.0000000            -1.513488E-06     
 608324.4000000             -7.991991E-06     
 172317.6000000             -3.361493E-05     
  56222.6900000             -0.0001233416     
  20299.8500000             -0.0004000292     
   7918.8710000             -0.001206705      
   3285.3400000             -0.003298144      
   1433.5240000             -0.008503531      
    652.2889000             -0.01932075       
    307.4360000             -0.0395118        
    149.1466000             -0.06074193       
     73.4510800             -0.05154698       
     33.9256200              0.0906352        
     17.1894700              0.3930253        
      8.6665950              0.5283548        
      3.9725050             -1.4626110        
      1.8946650             -0.8366769        
      0.8593850              2.6151680        
      0.1952560             -2.2413220        
      0.0858540              0.7597394        
S   21   1.00
      0.1785293E+08         -2.631275E-07     
 2673038.0000000            -1.954514E-06     
 608324.4000000             -1.098059E-05     
 172317.6000000             -4.252529E-05     
  56222.6900000             -0.0001728905     
  20299.8500000             -0.0004940605     
   7918.8710000             -0.001731281      
   3285.3400000             -0.003952778      
   1433.5240000             -0.01260194       
    652.2889000             -0.02205362       
    307.4360000             -0.06268701       
    149.1466000             -0.05878225       
     73.4510800             -0.1200370        
     33.9256200              0.2236128        
     17.1894700              0.4980742        
      8.6665950              1.1915800        
      3.9725050             -5.6490630        
      1.8946650              6.8434890        
      0.8593850             -3.3201000        
      0.1952560             -0.2249601        
      0.0858540              1.9021540        
S   1   1.00
      0.0367810              1.0000000        
P   17   1.00
  52867.9300000              0.0000110        
  12511.7900000              0.0000940        
   4065.2860000              0.0005510        
   1557.5950000              0.0025110        
    663.2892000              0.0094700        
    304.1561000              0.0301690        
    147.3680000              0.0808550        
     74.4546900              0.1751390        
     38.7149300              0.2897160        
     20.5702200              0.3298490        
     11.0542500              0.2092940        
      5.8746610              0.0562590        
      3.0529360              0.0050520        
      1.5472250              0.0009970        
      0.7541510              0.0001870        
      0.2653490              0.0000510        
      0.1020670             -0.0000130        
P   17   1.00
  52867.9300000             -0.0000040        
  12511.7900000             -0.0000350        
   4065.2860000             -0.0002060        
   1557.5950000             -0.0009420        
    663.2892000             -0.0035700        
    304.1561000             -0.0115400        
    147.3680000             -0.0316520        
     74.4546900             -0.0712850        
     38.7149300             -0.1232840        
     20.5702200             -0.1476380        
     11.0542500             -0.0444770        
      5.8746610              0.2053650        
      3.0529360              0.4100860        
      1.5472250              0.3721450        
      0.7541510              0.1581180        
      0.2653490              0.0145400        
      0.1020670             -0.0016080        
P   17   1.00
  52867.9300000              0.0000010        
  12511.7900000              0.0000060        
   4065.2860000              0.0000380        
   1557.5950000              0.0001730        
    663.2892000              0.0006640        
    304.1561000              0.0021200        
    147.3680000              0.0059160        
     74.4546900              0.0131530        
     38.7149300              0.0233720        
     20.5702200              0.0272210        
     11.0542500              0.0083340        
      5.8746610             -0.0488600        
      3.0529360             -0.0888940        
      1.5472250             -0.1036180        
      0.7541510              0.0010510        
      0.2653490              0.3030640        
      0.1020670              0.5427240        
P   17   1.00
  52867.9300000              0.0000010        
  12511.7900000              0.0000110        
   4065.2860000              0.0000670        
   1557.5950000              0.0002960        
    663.2892000              0.0011570        
    304.1561000              0.0036340        
    147.3680000              0.0103070        
     74.4546900              0.0224820        
     38.7149300              0.0410330        
     20.5702200              0.0464600        
     11.0542500              0.0181460        
      5.8746610             -0.0943640        
      3.0529360             -0.1601770        
      1.5472250             -0.1808950        
      0.7541510              0.0948260        
      0.2653490              0.6291530        
      0.1020670              0.4083180        
P   17   1.00
  52867.9300000              0.0000030        
  12511.7900000              0.0000240        
   4065.2860000              0.0001590        
   1557.5950000              0.0006460        
    663.2892000              0.0027470        
    304.1561000              0.0079380        
    147.3680000              0.0246010        
     74.4546900              0.0485760        
     38.7149300              0.1006820        
     20.5702200              0.0984680        
     11.0542500              0.0862350        
      5.8746610             -0.3793800        
      3.0529360             -0.4203930        
      1.5472250             -0.1825620        
      0.7541510              1.1778870        
      0.2653490              0.0519740        
      0.1020670             -0.7444770        
P   17   1.00
  52867.9300000             -0.0000030        
  12511.7900000             -0.0000360        
   4065.2860000             -0.0001740        
   1557.5950000             -0.0009530        
    663.2892000             -0.0030470        
    304.1561000             -0.0117360        
    147.3680000             -0.0270160        
     74.4546900             -0.0747980        
     38.7149300             -0.0982370        
     20.5702200             -0.2150840        
     11.0542500             -0.0322140        
      5.8746610              0.7563080        
      3.0529360              0.7019320        
      1.5472250             -1.8141870        
      0.7541510              0.2914540        
      0.2653490              1.2956230        
      0.1020670             -1.0670890        
P   1   1.00
      0.0387550              1.0000000        
D   10   1.00
    639.7806000              0.0002080        
    192.6742000              0.0019540        
     74.8436800              0.0107110        
     32.8604800              0.0390570        
     15.3935300              0.1048480        
      7.5255120              0.2045690        
      3.7154290              0.2852080        
      1.8064590              0.3014460        
      0.8529730              0.2462280        
      0.3847800              0.1390160        
D   10   1.00
    639.7806000             -0.0002900        
    192.6742000             -0.0027380        
     74.8436800             -0.0151110        
     32.8604800             -0.0556430        
     15.3935300             -0.1558640        
      7.5255120             -0.3034890        
      3.7154290             -0.3062760        
      1.8064590              0.0333950        
      0.8529730              0.4000750        
      0.3847800              0.3899720        
D   10   1.00
    639.7806000             -0.0003170        
    192.6742000             -0.0030560        
     74.8436800             -0.0167530        
     32.8604800             -0.0627120        
     15.3935300             -0.1879800        
      7.5255120             -0.3720840        
      3.7154290             -0.0234390        
      1.8064590              0.6054700        
      0.8529730              0.3230630        
      0.3847800             -0.4713720        
D   10   1.00
    639.7806000              0.0004520        
    192.6742000              0.0038790        
     74.8436800              0.0235700        
     32.8604800              0.0825260        
     15.3935300              0.2972800        
      7.5255120              0.4368320        
      3.7154290             -0.6042900        
      1.8064590             -0.6746050        
      0.8529730              0.9387020        
      0.3847800              0.2779680        
D   1   1.00
      0.1593370              1.0000000        
F   1   1.00
      8.6960000              1.0000000        
F   1   1.00
      2.7236000              1.0000000        
F   1   1.00
      0.8530000              1.0000000        
G   1   1.00
      6.8933000              1.0000000        
G   1   1.00
      2.0693000              1.0000000        
H   1   1.00
      4.4136000              1.0000000      
