Ar     0 
S   13   1.00
 950600.0000000              0.227545E-04     
 142300.0000000              0.176945E-03     
  32360.0000000              0.931282E-03     
   9145.0000000              0.392860E-02     
   2970.0000000              0.142064E-01     
   1064.0000000              0.448114E-01     
    410.8000000              0.121001E+00     
    168.0000000              0.260579E+00     
     71.9900000              0.381364E+00     
     31.6700000              0.276058E+00     
     12.8900000              0.505179E-01     
      5.9290000             -0.359866E-02     
      2.6780000              0.218798E-02     
S   13   1.00
 950600.0000000             -0.646201E-05     
 142300.0000000             -0.502346E-04     
  32360.0000000             -0.264804E-03     
   9145.0000000             -0.111895E-02     
   2970.0000000             -0.408276E-02     
   1064.0000000             -0.131216E-01     
    410.8000000             -0.372855E-01     
    168.0000000             -0.894709E-01     
     71.9900000             -0.168054E+00     
     31.6700000             -0.179594E+00     
     12.8900000              0.102953E+00     
      5.9290000              0.562630E+00     
      2.6780000              0.450355E+00     
S   13   1.00
 950600.0000000              0.202056E-05     
 142300.0000000              0.156851E-04     
  32360.0000000              0.828617E-04     
   9145.0000000              0.349264E-03     
   2970.0000000              0.127976E-02     
   1064.0000000              0.410365E-02     
    410.8000000              0.117789E-01     
    168.0000000              0.283868E-01     
     71.9900000              0.552406E-01     
     31.6700000              0.607492E-01     
     12.8900000             -0.362012E-01     
      5.9290000             -0.275398E+00     
      2.6780000             -0.362845E+00     
S   1   1.00
      0.9416000              1.0000000        
S   1   1.00
      0.4239000              1.0000000        
S   1   1.00
      0.1714000              1.0000000        
S   1   1.00
      0.0610000              1.0000000        
P   8   1.00
   1890.0000000              0.495752E-03     
    447.8000000              0.425172E-02     
    144.6000000              0.223277E-01     
     54.4600000              0.830878E-01     
     22.5100000              0.217110E+00     
      9.7740000              0.374507E+00     
      4.3680000              0.366445E+00     
      1.9590000              0.129245E+00     
P   8   1.00
   1890.0000000             -0.138863E-03     
    447.8000000             -0.118870E-02     
    144.6000000             -0.632553E-02     
     54.4600000             -0.238813E-01     
     22.5100000             -0.649238E-01     
      9.7740000             -0.115444E+00     
      4.3680000             -0.123651E+00     
      1.9590000              0.649055E-01     
P   1   1.00
      0.8260000              1.0000000        
P   1   1.00
      0.3297000              1.0000000        
P   1   1.00
      0.1242000              1.0000000        
P   1   1.00
      0.0435000              1.0000000        
D   1   1.00
      0.3110000              1.0000000        
D   1   1.00
      0.7630000              1.0000000        
D   1   1.00
      1.8730000              1.0000000        
D   1   1.00
      0.1160000              1.0000000        
F   1   1.00
      0.5430000              1.0000000        
F   1   1.00
      1.3250000              1.0000000        
F   1   1.00
      0.2940000              1.0000000        
G   1   1.00
      1.0070000              1.0000000        
G   1   1.00
      0.4590000              1.0000000        
