
H     0 
S   3   1.00
     33.8700000              0.0060680        
      5.0950000              0.0453080        
      1.1590000              0.2028220        
S   1   1.00
      0.3258000              1.0000000        
S   1   1.00
      0.1027000              1.0000000        
P   1   1.00
      1.4070000              1.0000000        
P   1   1.00
      0.3880000              1.0000000        
D   1   1.00
      1.0570000              1.0000000        
****
He     0 
S   4   1.00
    234.0000000              0.0025870        
     35.1600000              0.0195330        
      7.9890000              0.0909980        
      2.2120000              0.2720500        
S   1   1.00
      0.6669000              1.0000000        
S   1   1.00
      0.2089000              1.0000000        
P   1   1.00
      3.0440000              1.0000000        
P   1   1.00
      0.7580000              1.0000000        
D   1   1.00
      1.9650000              1.0000000        
****
Li     0 
S   9   1.00
   5988.0000000              0.0001330        
    898.9000000              0.0010250        
    205.9000000              0.0052720        
     59.2400000              0.0209290        
     19.8700000              0.0663400        
      7.4060000              0.1657750        
      2.9300000              0.3150380        
      1.1890000              0.3935230        
      0.4798000              0.1908700        
S   9   1.00
   5988.0000000             -0.0000210        
    898.9000000             -0.0001610        
    205.9000000             -0.0008200        
     59.2400000             -0.0033260        
     19.8700000             -0.0105190        
      7.4060000             -0.0280970        
      2.9300000             -0.0559360        
      1.1890000             -0.0992370        
      0.4798000             -0.1121890        
S   1   1.00
      0.0750900              1.0000000        
S   1   1.00
      0.0283200              1.0000000        
P   3   1.00
      3.2660000              0.0086300        
      0.6511000              0.0475380        
      0.1696000              0.2097720        
P   1   1.00
      0.0557800              1.0000000        
P   1   1.00
      0.0205000              1.0000000        
D   1   1.00
      0.1874000              1.0000000        
D   1   1.00
      0.0801000              1.0000000        
F   1   1.00
      0.1829000              1.0000000        
****
Be     0 
S   9   1.00
   6863.0000000              0.0002360        
   1030.0000000              0.0018260        
    234.7000000              0.0094520        
     66.5600000              0.0379570        
     21.6900000              0.1199650        
      7.7340000              0.2821620        
      2.9160000              0.4274040        
      1.1300000              0.2662780        
      0.1101000             -0.0072750        
S   9   1.00
   6863.0000000             -0.0000430        
   1030.0000000             -0.0003330        
    234.7000000             -0.0017360        
     66.5600000             -0.0070120        
     21.6900000             -0.0231260        
      7.7340000             -0.0581380        
      2.9160000             -0.1145560        
      1.1300000             -0.1359080        
      0.1101000              0.5774410        
S   1   1.00
      0.2577000              1.0000000        
S   1   1.00
      0.0440900              1.0000000        
P   3   1.00
      7.4360000              0.0107360        
      1.5770000              0.0628540        
      0.4352000              0.2481800        
P   1   1.00
      0.1438000              1.0000000        
P   1   1.00
      0.0499400              1.0000000        
D   1   1.00
      0.3480000              1.0000000        
D   1   1.00
      0.1803000              1.0000000        
F   1   1.00
      0.3250000              1.0000000        
****
B     0 
S   8   1.00
   5473.0000000              0.0005550        
    820.9000000              0.0042910        
    186.8000000              0.0219490        
     52.8300000              0.0844410        
     17.0800000              0.2385570        
      5.9990000              0.4350720        
      2.2080000              0.3419550        
      0.2415000             -0.0095450        
S   8   1.00
   5473.0000000             -0.0001120        
    820.9000000             -0.0008680        
    186.8000000             -0.0044840        
     52.8300000             -0.0176830        
     17.0800000             -0.0536390        
      5.9990000             -0.1190050        
      2.2080000             -0.1658240        
      0.2415000              0.5959810        
S   1   1.00
      0.5879000              1.0000000        
S   1   1.00
      0.0861000              1.0000000        
P   3   1.00
     12.0500000              0.0131180        
      2.6130000              0.0798960        
      0.7475000              0.2772750        
P   1   1.00
      0.2385000              1.0000000        
P   1   1.00
      0.0769800              1.0000000        
D   1   1.00
      0.6610000              1.0000000        
D   1   1.00
      0.1990000              1.0000000        
F   1   1.00
      0.4900000              1.0000000        
****
C     0 
S   8   1.00
   8236.0000000              0.0005310        
   1235.0000000              0.0041080        
    280.8000000              0.0210870        
     79.2700000              0.0818530        
     25.5900000              0.2348170        
      8.9970000              0.4344010        
      3.3190000              0.3461290        
      0.3643000             -0.0089830        
S   8   1.00
   8236.0000000             -0.0001130        
   1235.0000000             -0.0008780        
    280.8000000             -0.0045400        
     79.2700000             -0.0181330        
     25.5900000             -0.0557600        
      8.9970000             -0.1268950        
      3.3190000             -0.1703520        
      0.3643000              0.5986840        
S   1   1.00
      0.9059000              1.0000000        
S   1   1.00
      0.1285000              1.0000000        
P   3   1.00
     18.7100000              0.0140310        
      4.1330000              0.0868660        
      1.2000000              0.2902160        
P   1   1.00
      0.3827000              1.0000000        
P   1   1.00
      0.1209000              1.0000000        
D   1   1.00
      1.0970000              1.0000000        
D   1   1.00
      0.3180000              1.0000000        
F   1   1.00
      0.7610000              1.0000000        
****
N     0 
S   8   1.00
  11420.0000000              0.0005230        
   1712.0000000              0.0040450        
    389.3000000              0.0207750        
    110.0000000              0.0807270        
     35.5700000              0.2330740        
     12.5400000              0.4335010        
      4.6440000              0.3474720        
      0.5118000             -0.0085080        
S   8   1.00
  11420.0000000             -0.0001150        
   1712.0000000             -0.0008950        
    389.3000000             -0.0046240        
    110.0000000             -0.0185280        
     35.5700000             -0.0573390        
     12.5400000             -0.1320760        
      4.6440000             -0.1725100        
      0.5118000              0.5999440        
S   1   1.00
      1.2930000              1.0000000        
S   1   1.00
      0.1787000              1.0000000        
P   3   1.00
     26.6300000              0.0146700        
      5.9480000              0.0917640        
      1.7420000              0.2986830        
P   1   1.00
      0.5550000              1.0000000        
P   1   1.00
      0.1725000              1.0000000        
D   1   1.00
      1.6540000              1.0000000        
D   1   1.00
      0.4690000              1.0000000        
F   1   1.00
      1.0930000              1.0000000        
****
O     0 
S   8   1.00
  15330.0000000              0.0005080        
   2299.0000000              0.0039290        
    522.4000000              0.0202430        
    147.3000000              0.0791810        
     47.5500000              0.2306870        
     16.7600000              0.4331180        
      6.2070000              0.3502600        
      0.6882000             -0.0081540        
S   8   1.00
  15330.0000000             -0.0001150        
   2299.0000000             -0.0008950        
    522.4000000             -0.0046360        
    147.3000000             -0.0187240        
     47.5500000             -0.0584630        
     16.7600000             -0.1364630        
      6.2070000             -0.1757400        
      0.6882000              0.6034180        
S   1   1.00
      1.7520000              1.0000000        
S   1   1.00
      0.2384000              1.0000000        
P   3   1.00
     34.4600000              0.0159280        
      7.7490000              0.0997400        
      2.2800000              0.3104920        
P   1   1.00
      0.7156000              1.0000000        
P   1   1.00
      0.2140000              1.0000000        
D   1   1.00
      2.3140000              1.0000000        
D   1   1.00
      0.6450000              1.0000000        
F   1   1.00
      1.4280000              1.0000000        
****
F     0 
S   8   1.00
  19500.0000000              0.0005070        
   2923.0000000              0.0039230        
    664.5000000              0.0202000        
    187.5000000              0.0790100        
     60.6200000              0.2304390        
     21.4200000              0.4328720        
      7.9500000              0.3499640        
      0.8815000             -0.0078920        
S   8   1.00
  19500.0000000             -0.0001170        
   2923.0000000             -0.0009120        
    664.5000000             -0.0047170        
    187.5000000             -0.0190860        
     60.6200000             -0.0596550        
     21.4200000             -0.1400100        
      7.9500000             -0.1767820        
      0.8815000              0.6050430        
S   1   1.00
      2.2570000              1.0000000        
S   1   1.00
      0.3041000              1.0000000        
P   3   1.00
     43.8800000              0.0166650        
      9.9260000              0.1044720        
      2.9300000              0.3172600        
P   1   1.00
      0.9132000              1.0000000        
P   1   1.00
      0.2672000              1.0000000        
D   1   1.00
      3.1070000              1.0000000        
D   1   1.00
      0.8550000              1.0000000        
F   1   1.00
      1.9170000              1.0000000        
****
Ne     0 
S   8   1.00
  24350.0000000              0.0005020        
   3650.0000000              0.0038810        
    829.6000000              0.0199970        
    234.0000000              0.0784180        
     75.6100000              0.2296760        
     26.7300000              0.4327220        
      9.9270000              0.3506420        
      1.1020000             -0.0076450        
S   8   1.00
  24350.0000000             -0.0001180        
   3650.0000000             -0.0009150        
    829.6000000             -0.0047370        
    234.0000000             -0.0192330        
     75.6100000             -0.0603690        
     26.7300000             -0.1425080        
      9.9270000             -0.1777100        
      1.1020000              0.6058360        
S   1   1.00
      2.8360000              1.0000000        
S   1   1.00
      0.3782000              1.0000000        
P   3   1.00
     54.7000000              0.0171510        
     12.4300000              0.1076560        
      3.6790000              0.3216810        
P   1   1.00
      1.1430000              1.0000000        
P   1   1.00
      0.3300000              1.0000000        
D   1   1.00
      4.0140000              1.0000000        
D   1   1.00
      1.0960000              1.0000000        
F   1   1.00
      2.5440000              1.0000000        
****
Na     0 
S   14   1.00
 423000.0000000              0.180618E-04     
  63340.0000000              0.140430E-03     
  14410.0000000              0.738438E-03     
   4077.0000000              0.311182E-02     
   1328.0000000              0.112081E-01     
    478.6000000              0.352828E-01     
    186.2000000              0.959897E-01     
     76.9200000              0.213735E+00     
     33.3200000              0.348688E+00     
     15.0000000              0.324566E+00     
      6.8690000              0.112633E+00     
      2.6830000              0.706797E-02     
      1.1090000              0.598010E-03     
      0.0601500             -0.530870E-05     
S   14   1.00
 423000.0000000             -0.440653E-05     
  63340.0000000             -0.343443E-04     
  14410.0000000             -0.180114E-03     
   4077.0000000             -0.763900E-03     
   1328.0000000             -0.275248E-02     
    478.6000000             -0.886016E-02     
    186.2000000             -0.247939E-01     
     76.9200000             -0.605995E-01     
     33.3200000             -0.116446E+00     
     15.0000000             -0.162437E+00     
      6.8690000             -0.438891E-01     
      2.6830000              0.337917E+00     
      1.1090000              0.561347E+00     
      0.0601500              0.406754E-02     
S   14   1.00
 423000.0000000              0.663019E-06     
  63340.0000000              0.515769E-05     
  14410.0000000              0.271250E-04     
   4077.0000000              0.114635E-03     
   1328.0000000              0.415118E-03     
    478.6000000              0.132978E-02     
    186.2000000              0.375595E-02     
     76.9200000              0.914025E-02     
     33.3200000              0.179859E-01     
     15.0000000              0.251477E-01     
      6.8690000              0.763522E-02     
      2.6830000             -0.614589E-01     
      1.1090000             -0.115721E+00     
      0.0601500              0.626406E+00     
S   1   1.00
      0.4540000              1.0000000        
S   1   1.00
      0.0238200              1.0000000        
P   8   1.00
    243.3000000              0.224392E-02     
     57.3900000              0.173997E-01     
     18.1000000              0.774125E-01     
      6.5750000              0.219102E+00     
      2.5210000              0.378522E+00     
      0.9607000              0.394902E+00     
      0.3512000              0.160424E+00     
      0.0982700              0.233311E-02     
P   8   1.00
    243.3000000             -0.222401E-03     
     57.3900000             -0.174277E-02     
     18.1000000             -0.775456E-02     
      6.5750000             -0.225187E-01     
      2.5210000             -0.384330E-01     
      0.9607000             -0.450177E-01     
      0.3512000             -0.192132E-01     
      0.0982700              0.182697E+00     
P   1   1.00
      0.0373400              1.0000000        
P   1   1.00
      0.0150000              1.0000000        
D   1   1.00
      0.1367000              1.0000000        
D   1   1.00
      0.0636000              1.0000000        
F   1   1.00
      0.1397000              1.0000000        
****
Mg     0 
S   13   1.00
 164900.0000000              0.729929E-04     
  24710.0000000              0.566652E-03     
   5628.0000000              0.296269E-02     
   1596.0000000              0.122962E-01     
    521.0000000              0.427324E-01     
    188.0000000              0.123013E+00     
     73.0100000              0.274832E+00     
     29.9000000              0.401818E+00     
     12.5400000              0.264697E+00     
      4.3060000              0.332612E-01     
      1.8260000             -0.441335E-02     
      0.7417000              0.206024E-02     
      0.0761200              0.708195E-03     
S   13   1.00
 164900.0000000             -0.184248E-04     
  24710.0000000             -0.143500E-03     
   5628.0000000             -0.748710E-03     
   1596.0000000             -0.314407E-02     
    521.0000000             -0.110481E-01     
    188.0000000             -0.336058E-01     
     73.0100000             -0.825946E-01     
     29.9000000             -0.159314E+00     
     12.5400000             -0.152888E+00     
      4.3060000              0.190849E+00     
      1.8260000              0.579964E+00     
      0.7417000              0.372029E+00     
      0.0761200             -0.119344E-01     
S   13   1.00
 164900.0000000              0.355176E-05     
  24710.0000000              0.276420E-04     
   5628.0000000              0.144404E-03     
   1596.0000000              0.605744E-03     
    521.0000000              0.213527E-02     
    188.0000000              0.649934E-02     
     73.0100000              0.161446E-01     
     29.9000000              0.315766E-01     
     12.5400000              0.316374E-01     
      4.3060000             -0.439140E-01     
      1.8260000             -0.151093E+00     
      0.7417000             -0.217668E+00     
      0.0761200              0.547245E+00     
S   1   1.00
      0.1457000              1.0000000        
S   1   1.00
      0.0331000              1.0000000        
P   8   1.00
    316.9000000              0.207532E-02     
     74.8600000              0.162869E-01     
     23.7200000              0.738697E-01     
      8.6690000              0.214297E+00     
      3.3630000              0.382154E+00     
      1.3100000              0.398178E+00     
      0.4911000              0.152878E+00     
      0.2364000             -0.437540E-02     
P   8   1.00
    316.9000000             -0.329727E-03     
     74.8600000             -0.258754E-02     
     23.7200000             -0.119120E-01     
      8.6690000             -0.350227E-01     
      3.3630000             -0.639968E-01     
      1.3100000             -0.704436E-01     
      0.4911000             -0.375836E-01     
      0.2364000              0.177043E+00     
P   1   1.00
      0.0873300              1.0000000        
P   1   1.00
      0.0323700              1.0000000        
D   1   1.00
      0.1260000              1.0000000        
D   1   1.00
      0.2940000              1.0000000        
F   1   1.00
      0.2520000              1.0000000        
****
Al     0 
S   13   1.00
 205500.0000000              0.678836E-04     
  30780.0000000              0.527149E-03     
   7006.0000000              0.276203E-02     
   1985.0000000              0.114728E-01     
    649.1000000              0.398188E-01     
    235.0000000              0.115040E+00     
     91.6200000              0.260887E+00     
     37.6700000              0.396386E+00     
     15.9100000              0.284597E+00     
      5.8500000              0.444583E-01     
      2.5420000             -0.489838E-02     
      1.0570000              0.261253E-02     
      0.1455000              0.722068E-03     
S   13   1.00
 205500.0000000             -0.176377E-04     
  30780.0000000             -0.137195E-03     
   7006.0000000             -0.718910E-03     
   1985.0000000             -0.301146E-02     
    649.1000000             -0.106014E-01     
    235.0000000             -0.321345E-01     
     91.6200000             -0.803156E-01     
     37.6700000             -0.156794E+00     
     15.9100000             -0.168376E+00     
      5.8500000              0.126879E+00     
      2.5420000              0.561494E+00     
      1.0570000              0.436613E+00     
      0.1455000             -0.114563E-01     
S   13   1.00
 205500.0000000              0.407315E-05     
  30780.0000000              0.316566E-04     
   7006.0000000              0.166116E-03     
   1985.0000000              0.694992E-03     
    649.1000000              0.245511E-02     
    235.0000000              0.744598E-02     
     91.6200000              0.188253E-01     
     37.6700000              0.372772E-01     
     15.9100000              0.419496E-01     
      5.8500000             -0.354375E-01     
      2.5420000             -0.175132E+00     
      1.0570000             -0.276203E+00     
      0.1455000              0.652809E+00     
S   1   1.00
      0.2931000              1.0000000        
S   1   1.00
      0.0565000              1.0000000        
P   7   1.00
    444.4000000              0.162786E-02     
    105.1000000              0.130687E-01     
     33.4700000              0.612341E-01     
     12.3300000              0.187870E+00     
      4.8690000              0.360452E+00     
      1.9610000              0.408454E+00     
      0.1888000              0.976514E-02     
P   7   1.00
    444.4000000             -0.286341E-03     
    105.1000000             -0.242308E-02     
     33.4700000             -0.108658E-01     
     12.3300000             -0.364307E-01     
      4.8690000             -0.641074E-01     
      1.9610000             -0.972239E-01     
      0.1888000              0.503448E+00     
P   1   1.00
      0.7834000              1.0000000        
P   1   1.00
      0.0555700              1.0000000        
D   1   1.00
      0.1090000              1.0000000        
D   1   1.00
      0.3330000              1.0000000        
F   1   1.00
      0.2440000              1.0000000        
****
Si     0 
S   13   1.00
 254900.0000000              0.625101E-04     
  38190.0000000              0.485553E-03     
   8690.0000000              0.254516E-02     
   2462.0000000              0.105866E-01     
    804.8000000              0.368787E-01     
    291.3000000              0.107479E+00     
    113.6000000              0.247936E+00     
     46.7500000              0.390927E+00     
     19.8200000              0.302026E+00     
      7.7080000              0.559236E-01     
      3.3400000             -0.402406E-02     
      1.4020000              0.258030E-02     
      0.2070000              0.607930E-03     
S   13   1.00
 254900.0000000             -0.166370E-04     
  38190.0000000             -0.129310E-03     
   8690.0000000             -0.678828E-03     
   2462.0000000             -0.284117E-02     
    804.8000000             -0.100551E-01     
    291.3000000             -0.305774E-01     
    113.6000000             -0.777256E-01     
     46.7500000             -0.154236E+00     
     19.8200000             -0.180368E+00     
      7.7080000              0.798218E-01     
      3.3400000              0.547441E+00     
      1.4020000              0.480119E+00     
      0.2070000             -0.106996E-01     
S   13   1.00
 254900.0000000              0.426257E-05     
  38190.0000000              0.331062E-04     
   8690.0000000              0.174015E-03     
   2462.0000000              0.727574E-03     
    804.8000000              0.258333E-02     
    291.3000000              0.786354E-02     
    113.6000000              0.202155E-01     
     46.7500000              0.407320E-01     
     19.8200000              0.499358E-01     
      7.7080000             -0.249396E-01     
      3.3400000             -0.190350E+00     
      1.4020000             -0.318350E+00     
      0.2070000              0.681180E+00     
S   1   1.00
      0.4387000              1.0000000        
S   1   1.00
      0.0794400              1.0000000        
P   7   1.00
    481.5000000              0.192045E-02     
    113.9000000              0.153552E-01     
     36.2300000              0.713991E-01     
     13.3400000              0.213052E+00     
      5.2520000              0.390354E+00     
      2.1200000              0.393721E+00     
      0.2528000              0.395630E-02     
P   7   1.00
    481.5000000             -0.405220E-03     
    113.9000000             -0.335896E-02     
     36.2300000             -0.152860E-01     
     13.3400000             -0.489218E-01     
      5.2520000             -0.855008E-01     
      2.1200000             -0.112137E+00     
      0.2528000              0.551919E+00     
P   1   1.00
      0.8561000              1.0000000        
P   1   1.00
      0.0788900              1.0000000        
D   1   1.00
      0.1590000              1.0000000        
D   1   1.00
      0.4810000              1.0000000        
F   1   1.00
      0.3360000              1.0000000        
****
P     0 
S   13   1.00
 312400.0000000              0.576960E-04     
  46800.0000000              0.448296E-03     
  10650.0000000              0.234939E-02     
   3018.0000000              0.978265E-02     
    986.8000000              0.341467E-01     
    357.4000000              0.100204E+00     
    139.6000000              0.234372E+00     
     57.6300000              0.382434E+00     
     24.6000000              0.318088E+00     
     10.1200000              0.707788E-01     
      4.2830000             -0.181799E-02     
      1.8050000              0.216180E-02     
      0.2782000              0.432297E-03     
S   13   1.00
 312400.0000000             -0.156709E-04     
  46800.0000000             -0.121724E-03     
  10650.0000000             -0.639672E-03     
   3018.0000000             -0.267426E-02     
    986.8000000             -0.949831E-02     
    357.4000000             -0.289349E-01     
    139.6000000             -0.745121E-01     
     57.6300000             -0.149938E+00     
     24.6000000             -0.189467E+00     
     10.1200000              0.363270E-01     
      4.2830000              0.528816E+00     
      1.8050000              0.519115E+00     
      0.2782000             -0.925695E-02     
S   13   1.00
 312400.0000000              0.430631E-05     
  46800.0000000              0.334194E-04     
  10650.0000000              0.175885E-03     
   3018.0000000              0.734340E-03     
    986.8000000              0.261775E-02     
    357.4000000              0.797852E-02     
    139.6000000              0.207940E-01     
     57.6300000              0.424446E-01     
     24.6000000              0.563436E-01     
     10.1200000             -0.127358E-01     
      4.2830000             -0.196495E+00     
      1.8050000             -0.353555E+00     
      0.2782000              0.700912E+00     
S   1   1.00
      0.6158000              1.0000000        
S   1   1.00
      0.1055000              1.0000000        
P   7   1.00
    504.9000000              0.233728E-02     
    119.4000000              0.185410E-01     
     37.9600000              0.849693E-01     
     13.9500000              0.244615E+00     
      5.4570000              0.422766E+00     
      2.1770000              0.368439E+00     
      0.2877000             -0.379005E-02     
P   7   1.00
    504.9000000             -0.555236E-03     
    119.4000000             -0.445913E-02     
     37.9600000             -0.206350E-01     
     13.9500000             -0.617694E-01     
      5.4570000             -0.108924E+00     
      2.1770000             -0.105599E+00     
      0.2877000              0.576981E+00     
P   1   1.00
      0.8010000              1.0000000        
P   1   1.00
      0.0971400              1.0000000        
D   1   1.00
      0.2160000              1.0000000        
D   1   1.00
      0.6520000              1.0000000        
F   1   1.00
      0.4520000              1.0000000        
****
S     0 
S   13   1.00
 374100.0000000              0.542140E-04     
  56050.0000000              0.420855E-03     
  12760.0000000              0.220698E-02     
   3615.0000000              0.919258E-02     
   1183.0000000              0.321123E-01     
    428.8000000              0.946683E-01     
    167.8000000              0.223630E+00     
     69.4700000              0.374393E+00     
     29.8400000              0.329108E+00     
     12.7200000              0.847038E-01     
      5.2440000              0.440851E-03     
      2.2190000              0.164827E-02     
      0.3490000              0.301306E-03     
S   13   1.00
 374100.0000000             -0.149837E-04     
  56050.0000000             -0.116198E-03     
  12760.0000000             -0.611583E-03     
   3615.0000000             -0.255370E-02     
   1183.0000000             -0.908708E-02     
    428.8000000             -0.277045E-01     
    167.8000000             -0.720020E-01     
     69.4700000             -0.146439E+00     
     29.8400000             -0.195150E+00     
     12.7200000              0.819193E-02     
      5.2440000              0.516601E+00     
      2.2190000              0.542178E+00     
      0.3490000             -0.918072E-02     
S   13   1.00
 374100.0000000              0.435066E-05     
  56050.0000000              0.337140E-04     
  12760.0000000              0.177674E-03     
   3615.0000000              0.741116E-03     
   1183.0000000              0.264591E-02     
    428.8000000              0.807487E-02     
    167.8000000              0.212276E-01     
     69.4700000              0.438323E-01     
     29.8400000              0.612716E-01     
     12.7200000             -0.361510E-02     
      5.2440000             -0.204510E+00     
      2.2190000             -0.381871E+00     
      0.3490000              0.714147E+00     
S   1   1.00
      0.7767000              1.0000000        
S   1   1.00
      0.1322000              1.0000000        
P   7   1.00
    574.4000000              0.242264E-02     
    135.8000000              0.192796E-01     
     43.1900000              0.885401E-01     
     15.8700000              0.254654E+00     
      6.2080000              0.433984E+00     
      2.4830000              0.354953E+00     
      0.3229000             -0.502977E-02     
P   7   1.00
    574.4000000             -0.620102E-03     
    135.8000000             -0.493882E-02     
     43.1900000             -0.232647E-01     
     15.8700000             -0.685195E-01     
      6.2080000             -0.123896E+00     
      2.4830000             -0.969499E-01     
      0.3229000              0.569394E+00     
P   1   1.00
      0.8688000              1.0000000        
P   1   1.00
      0.1098000              1.0000000        
D   1   1.00
      0.2690000              1.0000000        
D   1   1.00
      0.8190000              1.0000000        
F   1   1.00
      0.5570000              1.0000000        
****
Cl     0 
S   13   1.00
 456100.0000000              0.492970E-04     
  68330.0000000              0.383029E-03     
  15550.0000000              0.200854E-02     
   4405.0000000              0.838558E-02     
   1439.0000000              0.294703E-01     
    520.4000000              0.878325E-01     
    203.1000000              0.211473E+00     
     83.9600000              0.365364E+00     
     36.2000000              0.340884E+00     
     15.8300000              0.102133E+00     
      6.3340000              0.311675E-02     
      2.6940000              0.105751E-02     
      0.4313000              0.156136E-03     
S   13   1.00
 456100.0000000             -0.138304E-04     
  68330.0000000             -0.107279E-03     
  15550.0000000             -0.565083E-03     
   4405.0000000             -0.236135E-02     
   1439.0000000             -0.845886E-02     
    520.4000000             -0.259638E-01     
    203.1000000             -0.686362E-01     
     83.9600000             -0.141874E+00     
     36.2000000             -0.199319E+00     
     15.8300000             -0.195662E-01     
      6.3340000              0.499741E+00     
      2.6940000              0.563736E+00     
      0.4313000             -0.835091E-02     
S   13   1.00
 456100.0000000              0.418546E-05     
  68330.0000000              0.324395E-04     
  15550.0000000              0.171105E-03     
   4405.0000000              0.714176E-03     
   1439.0000000              0.256705E-02     
    520.4000000              0.788552E-02     
    203.1000000              0.210867E-01     
     83.9600000              0.442264E-01     
     36.2000000              0.651670E-01     
     15.8300000              0.603012E-02     
      6.3340000             -0.206495E+00     
      2.6940000             -0.405871E+00     
      0.4313000              0.725661E+00     
S   1   1.00
      0.9768000              1.0000000        
S   1   1.00
      0.1625000              1.0000000        
P   7   1.00
    663.3000000              0.240448E-02     
    156.8000000              0.192148E-01     
     49.9800000              0.885097E-01     
     18.4200000              0.256020E+00     
      7.2400000              0.436927E+00     
      2.9220000              0.350334E+00     
      0.3818000             -0.458423E-02     
P   7   1.00
    663.3000000             -0.652145E-03     
    156.8000000             -0.519445E-02     
     49.9800000             -0.246938E-01     
     18.4200000             -0.728167E-01     
      7.2400000             -0.134030E+00     
      2.9220000             -0.947742E-01     
      0.3818000              0.564667E+00     
P   1   1.00
      1.0220000              1.0000000        
P   1   1.00
      0.1301000              1.0000000        
D   1   1.00
      1.0460000              1.0000000        
D   1   1.00
      0.3440000              1.0000000        
F   1   1.00
      0.7060000              1.0000000        
****
Ar     0 
S   13   1.00
 545000.0000000              0.455828E-04     
  81640.0000000              0.354108E-03     
  18580.0000000              0.185797E-02     
   5261.0000000              0.776851E-02     
   1717.0000000              0.274232E-01     
    619.9000000              0.823836E-01     
    241.6000000              0.201230E+00     
     99.7900000              0.356781E+00     
     43.1500000              0.349563E+00     
     19.1400000              0.118266E+00     
      7.4880000              0.560190E-02     
      3.2050000              0.483473E-03     
      0.5204000              0.292025E-04     
S   13   1.00
 545000.0000000             -0.129551E-04     
  81640.0000000             -0.100428E-03     
  18580.0000000             -0.529583E-03     
   5261.0000000             -0.221396E-02     
   1717.0000000             -0.796845E-02     
    619.9000000             -0.245803E-01     
    241.6000000             -0.657798E-01     
     99.7900000             -0.137942E+00     
     43.1500000             -0.201630E+00     
     19.1400000             -0.412834E-01     
      7.4880000              0.484680E+00     
      3.2050000              0.579224E+00     
      0.5204000             -0.727553E-02     
S   13   1.00
 545000.0000000              0.404990E-05     
  81640.0000000              0.313691E-04     
  18580.0000000              0.165646E-03     
   5261.0000000              0.691662E-03     
   1717.0000000              0.249790E-02     
    619.9000000              0.771074E-02     
    241.6000000              0.208714E-01     
     99.7900000              0.443965E-01     
     43.1500000              0.680224E-01     
     19.1400000              0.141350E-01     
      7.4880000             -0.207489E+00     
      3.2050000             -0.425045E+00     
      0.5204000              0.733627E+00     
S   1   1.00
      1.1960000              1.0000000        
S   1   1.00
      0.1954000              1.0000000        
P   7   1.00
    761.8000000              0.236976E-02     
    180.2000000              0.190199E-01     
     57.5000000              0.880807E-01     
     21.2400000              0.256377E+00     
      8.3880000              0.438711E+00     
      3.4160000              0.347569E+00     
      0.4523000             -0.523882E-02     
P   7   1.00
    761.8000000             -0.667211E-03     
    180.2000000             -0.532717E-02     
     57.5000000             -0.255494E-01     
     21.2400000             -0.757197E-01     
      8.3880000             -0.141133E+00     
      3.4160000             -0.932768E-01     
      0.4523000              0.562450E+00     
P   1   1.00
      1.2060000              1.0000000        
P   1   1.00
      0.1545000              1.0000000        
D   1   1.00
      0.4100000              1.0000000        
D   1   1.00
      1.2540000              1.0000000        
F   1   1.00
      0.8900000              1.0000000        
****
Ca     0 
S   18   1.00
 2402654.0000000             0.00000931       
 359789.8000000              0.00007239       
  81878.0900000              0.00038059       
  23190.8900000              0.00160453       
   7565.2120000              0.00580780       
   2730.7020000              0.01859566       
   1064.6400000              0.05287776       
    441.0605000              0.13015149       
    191.7269000              0.25931471       
     86.5377400              0.36149610       
     39.8992400              0.26411160       
     17.6406500              0.05709398       
      8.3599900             -0.00182200       
      3.9513300              0.00211164       
      1.7134000             -0.00097709       
      0.8108600              0.00045581       
      0.3602500             -0.00019146       
      0.0448400             -0.00007874       
S   18   1.00
 2402654.0000000            -0.00000270       
 359789.8000000             -0.00002102       
  81878.0900000             -0.00011052       
  23190.8900000             -0.00046666       
   7565.2120000             -0.00169513       
   2730.7020000             -0.00548346       
   1064.6400000             -0.01596597       
    441.0605000             -0.04151384       
    191.7269000             -0.09286387       
     86.5377400             -0.16531657       
     39.8992400             -0.17664074       
     17.6406500              0.06444422       
      8.3599900              0.51087962       
      3.9513300              0.49463804       
      1.7134000              0.08750094       
      0.8108600             -0.00359101       
      0.3602500              0.00249220       
      0.0448400              0.00064587       
S   18   1.00
 2402654.0000000             0.00000093       
 359789.8000000              0.00000725       
  81878.0900000              0.00003811       
  23190.8900000              0.00016101       
   7565.2120000              0.00058466       
   2730.7020000              0.00189504       
   1064.6400000              0.00552525       
    441.0605000              0.01447010       
    191.7269000              0.03271581       
     86.5377400              0.06003190       
     39.8992400              0.06701683       
     17.6406500             -0.02593660       
      8.3599900             -0.26747467       
      3.9513300             -0.42697256       
      1.7134000              0.06796405       
      0.8108600              0.71020539       
      0.3602500              0.44180057       
      0.0448400             -0.01186924       
S   18   1.00
 2402654.0000000            -0.00000022       
 359789.8000000             -0.00000173       
  81878.0900000             -0.00000910       
  23190.8900000             -0.00003844       
   7565.2120000             -0.00013965       
   2730.7020000             -0.00045251       
   1064.6400000             -0.00132038       
    441.0605000             -0.00345841       
    191.7269000             -0.00783686       
     86.5377400             -0.01441517       
     39.8992400             -0.01621648       
     17.6406500              0.00634420       
      8.3599900              0.06740626       
      3.9513300              0.11447396       
      1.7134000             -0.02634477       
      0.8108600             -0.23369885       
      0.3602500             -0.31607538       
      0.0448400              0.56111035       
S   1   1.00
      0.0810800              1.0000000        
S   1   1.00
      0.0214300              1.0000000        
P   12   1.00
   4061.2890000              0.00019799       
    962.2465000              0.00173208       
    312.1686000              0.00953379       
    118.7144000              0.03839012       
     49.8067000              0.11675881       
     22.2599800              0.25626874       
     10.2876400              0.37978080       
      4.8611540              0.30829326       
      2.2487730              0.08592090       
      1.0336620              0.00212067       
      0.4641320              0.00128880       
      0.0673900              0.00014728       
P   12   1.00
   4061.2890000             -0.00006455       
    962.2465000             -0.00056458       
    312.1686000             -0.00313125       
    118.7144000             -0.01274086       
     49.8067000             -0.03991403       
     22.2599800             -0.09050448       
     10.2876400             -0.14261898       
      4.8611540             -0.10980904       
      2.2487730              0.15162490       
      1.0336620              0.46176411       
      0.4641320              0.43260031       
      0.0673900              0.00252874       
P   12   1.00
   4061.2890000              0.00001336       
    962.2465000              0.00011852       
    312.1686000              0.00064872       
    118.7144000              0.00267993       
     49.8067000              0.00828513       
     22.2599800              0.01921235       
     10.2876400              0.02954984       
      4.8611540              0.02431232       
      2.2487730             -0.04111230       
      1.0336620             -0.10419758       
      0.4641320             -0.15036537       
      0.0673900              0.59861164       
P   1   1.00
      0.1987500              1.0000000        
P   1   1.00
      0.0254200              1.0000000        
D   4   1.00
     16.9462300              0.01547300       
      4.4721200              0.07887400       
      1.4380900              0.20878000       
      0.4669900              0.33021300       
D   1   1.00
      0.1415100              1.0000000        
D   1   1.00
      0.0416400              1.0000000        
F   1   1.00
      0.1509000              1.0000000        
****
Cu     0 
S   19   1.00
 5430321.0000000             7.801026E-06     
 813166.5000000              6.065666E-05     
 185054.4000000              0.0003188964     
  52414.6600000              0.001344687      
  17098.6800000              0.00486905       
   6171.9940000              0.01561013       
   2406.4810000              0.04452077       
    997.2584000              0.1103111        
    433.9289000              0.2220342        
    196.2869000              0.3133739        
     91.0428000              0.2315121        
     41.3842500              0.0764092        
     19.9327800              0.1103818        
      9.5818910              0.1094372        
      4.2345160              0.01836311       
      1.9858140             -0.0006043084     
      0.8670830              5.092245E-05     
      0.1813390             -5.54073E-05      
      0.0836570              3.969482E-05     
S   19   1.00
 5430321.0000000            -4.404706E-06     
 813166.5000000             -3.424801E-05     
 185054.4000000             -0.0001801238     
  52414.6600000             -0.0007600455     
  17098.6800000             -0.002759348      
   6171.9940000             -0.00890097       
   2406.4810000             -0.02579378       
    997.2584000             -0.06623861       
    433.9289000             -0.1445927        
    196.2869000             -0.2440110        
     91.0428000             -0.2504837        
     41.3842500              0.02852577       
     19.9327800              0.5115874        
      9.5818910              0.4928061        
      4.2345160              0.08788437       
      1.9858140             -0.005820281      
      0.8670830              0.0002013508     
      0.1813390             -0.0005182553     
      0.0836570              0.0003731503     
S   19   1.00
 5430321.0000000             9.704682E-07     
 813166.5000000              7.549245E-06     
 185054.4000000              3.968892E-05     
  52414.6600000              0.00016772       
  17098.6800000              0.0006095101     
   6171.9940000              0.001978846      
   2406.4810000              0.005798049      
    997.2584000              0.01534158       
    433.9289000              0.03540484       
    196.2869000              0.06702098       
     91.0428000              0.08026945       
     41.3842500             -0.01927231       
     19.9327800             -0.3160129        
      9.5818910             -0.4573162        
      4.2345160              0.1550841        
      1.9858140              0.7202872        
      0.8670830              0.3885122        
      0.1813390              0.01924326       
      0.0836570             -0.007103807      
S   19   1.00
 5430321.0000000            -1.959354E-07     
 813166.5000000             -1.523472E-06     
 185054.4000000             -8.014808E-06     
  52414.6600000             -3.383992E-05     
  17098.6800000             -0.0001231191     
   6171.9940000             -0.0003992085     
   2406.4810000             -0.0011719        
    997.2584000             -0.003096141      
    433.9289000             -0.007171993      
    196.2869000             -0.01356621       
     91.0428000             -0.01643989       
     41.3842500              0.004107628      
     19.9327800              0.06693964       
      9.5818910              0.1028221        
      4.2345160             -0.04422945       
      1.9858140             -0.2031191        
      0.8670830             -0.2230022        
      0.1813390              0.2517975        
      0.0836570              0.5650091        
S   19   1.00
 5430321.0000000            -3.532229E-07     
 813166.5000000             -2.798812E-06     
 185054.4000000             -1.432517E-05     
  52414.6600000             -6.270946E-05     
  17098.6800000             -0.000217949      
   6171.9940000             -0.0007474316     
   2406.4810000             -0.002049271      
    997.2584000             -0.005885203      
    433.9289000             -0.01226885       
    196.2869000             -0.02683147       
     91.0428000             -0.02479261       
     41.3842500             -0.005984746      
     19.9327800              0.1557124        
      9.5818910              0.1436683        
      4.2345160              0.008374103      
      1.9858140             -0.7460711        
      0.8670830              0.1244367        
      0.1813390              1.5101100        
      0.0836570             -0.3477122        
S   19   1.00
 5430321.0000000            -7.508267E-07     
 813166.5000000             -5.972018E-06     
 185054.4000000             -3.039682E-05     
  52414.6600000             -0.0001340405     
  17098.6800000             -0.0004615778     
   6171.9940000             -0.001601064      
   2406.4810000             -0.004330942      
    997.2584000             -0.01265434       
    433.9289000             -0.02586864       
    196.2869000             -0.05835428       
     91.0428000             -0.05132322       
     41.3842500             -0.01908953       
     19.9327800              0.3586116        
      9.5818910              0.3885818        
      4.2345160             -0.3057106        
      1.9858140             -2.0698960        
      0.8670830              2.4317740        
      0.1813390             -0.02121974       
      0.0836570             -1.8202510        
S   1   1.00
      0.0362670              1.0000000        
P   15   1.00
  22760.5700000              0.0000400        
   5387.6790000              0.0003610        
   1749.9450000              0.0020830        
    669.6653000              0.0091970        
    284.1948000              0.0326600        
    129.6077000              0.0937950        
     62.2541500              0.2082740        
     30.9296400              0.3339930        
     15.7582700              0.3324930        
      8.0942110              0.1547280        
      4.0469210              0.0212710        
      1.9678690             -0.0016900        
      0.9252950             -0.0015160        
      0.3529920             -0.0002420        
      0.1273070              0.0000230        
P   15   1.00
  22760.5700000             -0.0000150        
   5387.6790000             -0.0001310        
   1749.9450000             -0.0007550        
    669.6653000             -0.0033590        
    284.1948000             -0.0120810        
    129.6077000             -0.0357030        
     62.2541500             -0.0825020        
     30.9296400             -0.1398900        
     15.7582700             -0.1407290        
      8.0942110              0.0387660        
      4.0469210              0.3426950        
      1.9678690              0.4523100        
      0.9252950              0.2770540        
      0.3529920              0.0438850        
      0.1273070             -0.0028020        
P   15   1.00
  22760.5700000              0.0000030        
   5387.6790000              0.0000250        
   1749.9450000              0.0001470        
    669.6653000              0.0006560        
    284.1948000              0.0023510        
    129.6077000              0.0070040        
     62.2541500              0.0161310        
     30.9296400              0.0277700        
     15.7582700              0.0275670        
      8.0942110             -0.0101150        
      4.0469210             -0.0810090        
      1.9678690             -0.1104090        
      0.9252950             -0.0717320        
      0.3529920              0.1879300        
      0.1273070              0.5646290        
P   15   1.00
  22760.5700000              0.0000050        
   5387.6790000              0.0000490        
   1749.9450000              0.0002780        
    669.6653000              0.0012530        
    284.1948000              0.0044470        
    129.6077000              0.0133700        
     62.2541500              0.0304690        
     30.9296400              0.0534470        
     15.7582700              0.0526390        
      8.0942110             -0.0168810        
      4.0469210             -0.1794480        
      1.9678690             -0.2095880        
      0.9252950             -0.0396330        
      0.3529920              0.5021300        
      0.1273070              0.5811110        
P   15   1.00
  22760.5700000              0.0000110        
   5387.6790000              0.0000960        
   1749.9450000              0.0005900        
    669.6653000              0.0024840        
    284.1948000              0.0094630        
    129.6077000              0.0264530        
     62.2541500              0.0656890        
     30.9296400              0.1027320        
     15.7582700              0.1370410        
      8.0942110             -0.0709610        
      4.0469210             -0.5047080        
      1.9678690             -0.4780560        
      0.9252950              0.9428920        
      0.3529920              0.5446990        
      0.1273070             -0.8327660        
P   1   1.00
      0.0443560              1.0000000        
D   7   1.00
    173.8970000              0.0027000        
     51.8869000              0.0209090        
     19.3419000              0.0844080        
      7.9757200              0.2139990        
      3.3982300              0.3359800        
      1.4093200              0.3573010        
      0.5488580              0.2645780        
D   7   1.00
    173.8970000             -0.0033630        
     51.8869000             -0.0260790        
     19.3419000             -0.1082310        
      7.9757200             -0.2822170        
      3.3982300             -0.3471900        
      1.4093200              0.0267110        
      0.5488580              0.4920470        
D   7   1.00
    173.8970000              0.0041330        
     51.8869000              0.0330850        
     19.3419000              0.1383360        
      7.9757200              0.3901660        
      3.3982300              0.1698420        
      1.4093200             -0.6830180        
      0.5488580             -0.2657970        
D   1   1.00
      0.1901990              1.0000000        
F   1   1.00
      5.0821000              1.0000000        
F   1   1.00
      1.2797000              1.0000000        
G   1   1.00
      3.4835000              1.0000000        
****
Zn     0 
S   19   1.00
 5820021.0000000             8.549241E-06     
 871523.4000000              6.64741E-05      
 198335.0000000              0.0003494962     
  56176.3100000              0.001473832      
  18325.8200000              0.00533833       
   6614.9550000              0.01712708       
   2579.1990000              0.04894085       
   1068.8490000              0.1217934        
    465.1045000              0.2476589        
    210.4130000              0.3582431        
     97.6162900              0.2798174        
     44.3802000              0.06857491       
     21.4230800             -0.001311092      
     10.3089100              0.001914001      
      4.5536450             -0.000875922      
      2.1328210              0.0003740096     
      0.9296970             -0.0001401399     
      0.1921470              4.757132E-05     
      0.0875950             -3.642711E-05     
S   19   1.00
 5820021.0000000            -2.640069E-06     
 871523.4000000             -2.05272E-05      
 198335.0000000             -0.0001079859     
  56176.3100000             -0.0004558577     
  18325.8200000             -0.001657758      
   6614.9550000             -0.005368492      
   2579.1990000             -0.01571249       
   1068.8490000             -0.04122558       
    465.1045000             -0.09406459       
    210.4130000             -0.1719954        
     97.6162900             -0.1958523        
     44.3802000              0.04532907       
     21.4230800              0.5244442        
     10.3089100              0.5006142        
      4.5536450              0.08945527       
      2.1328210             -0.002146262      
      0.9296970              0.002112113      
      0.1921470             -0.000413398      
      0.0875950              0.0003209752     
S   19   1.00
 5820021.0000000             9.967103E-07     
 871523.4000000              7.754163E-06     
 198335.0000000              4.076019E-05     
  56176.3100000              0.0001722811     
  18325.8200000              0.000625937      
   6614.9550000              0.002032855      
   2579.1990000              0.005954646      
   1068.8490000              0.0157664        
    465.1045000              0.03637638       
    210.4130000              0.06892343       
     97.6162900              0.08238093       
     44.3802000             -0.0201136        
     21.4230800             -0.3252526        
     10.3089100             -0.4602899        
      4.5536450              0.1635546        
      2.1328210              0.7297118        
      0.9296970              0.3769751        
      0.1921470              0.01433224       
      0.0875950             -0.00667121       
S   19   1.00
 5820021.0000000             1.995818E-07     
 871523.4000000              1.552973E-06     
 198335.0000000              8.161259E-06     
  56176.3100000              3.450747E-05     
  18325.8200000              0.0001253275     
   6614.9550000              0.000407299      
   2579.1990000              0.001192734      
   1068.8490000              0.00316314       
    465.1045000              0.007303942      
    210.4130000              0.01391279       
     97.6162900              0.0167062        
     44.3802000             -0.004035586      
     21.4230800             -0.06968861       
     10.3089100             -0.1030105        
      4.5536450              0.04471442       
      2.1328210              0.2150027        
      0.9296970              0.2220163        
      0.1921470             -0.3114776        
      0.0875950             -0.5693429        
S   19   1.00
 5820021.0000000            -5.43591E-07      
 871523.4000000             -4.336894E-06     
 198335.0000000             -2.197572E-05     
  56176.3100000             -9.747392E-05     
  18325.8200000             -0.0003331615     
   6614.9550000             -0.001166192      
   2579.1990000             -0.003119308      
   1068.8490000             -0.009239504      
    465.1045000             -0.01855471       
    210.4130000             -0.04281189       
     97.6162900             -0.03571095       
     44.3802000             -0.0163835        
     21.4230800              0.2644664        
     10.3089100              0.2086588        
      4.5536450             -0.01774382       
      2.1328210             -1.3538730        
      0.9296970              0.8182926        
      0.1921470              1.6950360        
      0.0875950             -1.3886560        
S   19   1.00
 5820021.0000000             8.040791E-07     
 871523.4000000              6.282936E-06     
 198335.0000000              3.281868E-05     
  56176.3100000              0.0001398858     
  18325.8200000              0.0005029836     
   6614.9550000              0.001655419      
   2579.1990000              0.004778677      
   1068.8490000              0.01292479       
    465.1045000              0.02925831       
    210.4130000              0.05791816       
     97.6162900              0.06640681       
     44.3802000             -0.007388966      
     21.4230800             -0.3329989        
     10.3089100             -0.5917865        
      4.5536450              0.9011406        
      2.1328210              1.5859510        
      0.9296970             -2.7880080        
      0.1921470              2.0718840        
      0.0875950             -0.6012025        
S   1   1.00
      0.0377020              1.0000000        
P   15   1.00
  24411.9800000              0.0000410        
   5778.5180000              0.0003610        
   1876.8620000              0.0020880        
    718.2361000              0.0092210        
    304.8327000              0.0327730        
    139.0453000              0.0941790        
     66.8041700              0.2091320        
     33.2069900              0.3345690        
     16.9281600              0.3303590        
      8.6962290              0.1523470        
      4.3505100              0.0229840        
      2.1165230              0.0016070        
      0.9953870              0.0004680        
      0.3781120              0.0000660        
      0.1345790             -0.0000020        
P   15   1.00
  24411.9800000             -0.0000150        
   5778.5180000             -0.0001350        
   1876.8620000             -0.0007820        
    718.2361000             -0.0034780        
    304.8327000             -0.0125200        
    139.0453000             -0.0370160        
     66.8041700             -0.0855590        
     33.2069900             -0.1447180        
     16.9281600             -0.1434420        
      8.6962290              0.0435950        
      4.3505100              0.3488880        
      2.1165230              0.4538650        
      0.9953870              0.2685940        
      0.3781120              0.0388680        
      0.1345790             -0.0024920        
P   15   1.00
  24411.9800000              0.0000030        
   5778.5180000              0.0000250        
   1876.8620000              0.0001440        
    718.2361000              0.0006450        
    304.8327000              0.0023110        
    139.0453000              0.0068980        
     66.8041700              0.0158820        
     33.2069900              0.0273500        
     16.9281600              0.0266210        
      8.6962290             -0.0108580        
      4.3505100             -0.0798530        
      2.1165230             -0.1061270        
      0.9953870             -0.0688830        
      0.3781120              0.1843850        
      0.1345790              0.5617880        
P   15   1.00
  24411.9800000              0.0000050        
   5778.5180000              0.0000420        
   1876.8620000              0.0002380        
    718.2361000              0.0010880        
    304.8327000              0.0038210        
    139.0453000              0.0116440        
     66.8041700              0.0261670        
     33.2069900              0.0467500        
     16.9281600              0.0433090        
      8.6962290             -0.0134290        
      4.3505100             -0.1538970        
      2.1165230             -0.1674130        
      0.9953870             -0.0849950        
      0.3781120              0.4508130        
      0.1345790              0.6408690        
P   15   1.00
  24411.9800000              0.0000120        
   5778.5180000              0.0000960        
   1876.8620000              0.0005940        
    718.2361000              0.0024840        
    304.8327000              0.0095370        
    139.0453000              0.0264790        
     66.8041700              0.0663660        
     33.2069900              0.1024580        
     16.9281600              0.1386830        
      8.6962290             -0.0801400        
      4.3505100             -0.4960690        
      2.1165230             -0.4635100        
      0.9953870              0.8745310        
      0.3781120              0.6297900        
      0.1345790             -0.8116860        
P   1   1.00
      0.0462820              1.0000000        
D   7   1.00
    205.6177000              0.0023420        
     61.4498100              0.0186060        
     23.0568900              0.0771020        
      9.5777390              0.2020260        
      4.1337340              0.3294540        
      1.7475180              0.3609760        
      0.6995600              0.2716570        
D   7   1.00
    205.6177000              0.0032790        
     61.4498100              0.0261760        
     23.0568900              0.1113670        
      9.5777390              0.3045810        
      4.1337340              0.3862990        
      1.7475180             -0.0583750        
      0.6995600             -0.5388760        
D   7   1.00
    205.6177000              0.0037400        
     61.4498100              0.0318250        
     23.0568900              0.1322290        
      9.5777390              0.4245500        
      4.1337340              0.1203700        
      1.7475180             -0.7626610        
      0.6995600             -0.1128230        
D   1   1.00
      0.2516080              1.0000000        
F   1   1.00
      5.7922000              1.0000000        
F   1   1.00
      1.4851000              1.0000000        
G   1   1.00
      4.1144000              1.0000000
