# pcS-4
  species        Cl
#     global species definitions
    nucleus             17
    mass                35.453
#
    l_hartree           8
#
    cut_pot             4.0          2.0  1.0
    basis_dep_cutoff    0.d0
#
    radial_base         45 7.0
    radial_multiplier   6
    angular_grids       specified
      division   0.4412  110
      division   0.5489  194
      division   0.6734  302
      division   0.7794  434
      division   0.9402  590
#      division   1.0779  770
#      division   1.1792  974
#      outer_grid  974
      outer_grid  590
################################################################################
#
#  Definition of "minimal" basis
#
################################################################################
#     valence basis states
    valence      3  s   2.
    valence      3  p   5.
#     ion occupancy
    ion_occ      3  s   1.
    ion_occ      3  p   4.

    include_min_basis   .false.
    pure_gauss          .true.

gaussian 0 12
  0.742123E+07  0.390420E-05
  0.114107E+07  0.292496E-04
  0.264425E+06  0.151157E-03
  0.757909E+05  0.629216E-03
  0.249248E+05  0.228123E-02
  0.905259E+04  0.734903E-02
  0.354813E+04  0.217978E-01
  0.147798E+04  0.583527E-01
  0.647354E+03  0.143149E+00
  0.295333E+03  0.293501E+00
  0.138978E+03  0.500000E+00
  0.675489E+02  0.453946E+00
gaussian 0 11
  0.264425E+06  -0.204120E-05
  0.757909E+05  0.204112E-04
  0.249248E+05  -0.545523E-04
  0.905259E+04  0.353532E-03
  0.354813E+04  -0.674199E-03
  0.147798E+04  0.487103E-02
  0.647354E+03  -0.218791E-02
  0.295333E+03  0.638801E-01
  0.138978E+03  0.655606E-01
  0.675489E+02  0.500000E+00
  0.336610E+02  0.338781E+00
gaussian 0 10
  0.249248E+05  0.160700E-05
  0.905259E+04  0.161256E-04
  0.354813E+04  0.105180E-03
  0.147798E+04  0.750357E-03
  0.647354E+03  0.389227E-02
  0.295333E+03  0.211529E-01
  0.138978E+03  0.817072E-01
  0.675489E+02  0.243652E+00
  0.336610E+02  0.500000E+00
  0.170273E+02  0.191620E+00
gaussian 0 1  0.815043E+01
gaussian 0 1  0.413190E+01
gaussian 0 1  0.204567E+01
gaussian 0 1  0.940294E+00
gaussian 0 1  0.469013E+00
gaussian 0 1  0.222191E+00
gaussian 0 1  0.102198E+00
gaussian 1 6
  0.717298E+05  0.441300E-06
  0.110354E+05  0.619939E-03
  0.261153E+04  0.125210E-02
  0.848019E+03  0.311433E-01
  0.323004E+03  0.311576E-01
  0.135328E+03  0.500000E+00
gaussian 1 6
  0.110354E+05  0.621542E-03
  0.261153E+04  0.118838E-02
  0.848019E+03  0.311878E-01
  0.323004E+03  0.294697E-01
  0.135328E+03  0.500000E+00
  0.626841E+02  -0.230354E-01
gaussian 1 1  0.302982E+02
gaussian 1 1  0.152400E+02
gaussian 1 1  0.792595E+01
gaussian 1 1  0.428531E+01
gaussian 1 1  0.230431E+01
gaussian 1 1  0.123574E+01
gaussian 1 1  0.600210E+00
gaussian 1 1  0.287394E+00
gaussian 1 1  0.131853E+00
gaussian 1 1  0.569701E-01
gaussian 2 1  0.246300E+02
gaussian 2 1  0.704000E+01
gaussian 2 1  0.243000E+01
gaussian 2 1  0.870000E+00
gaussian 2 1  0.377000E+00
gaussian 2 1  0.157000E+00
gaussian 3 1  0.406000E+01
gaussian 3 1  0.950000E+00
gaussian 3 1  0.390000E+00
gaussian 4 1  0.197000E+01
gaussian 4 1  0.660000E+00
gaussian 5 1  0.104000E+01
