Ar     0 
S   6   1.00
 118022.3800000              0.0007470        
  17683.5410000              0.0057900        
   4027.7657000              0.0299190        
   1145.3977000              0.1192060        
    377.1637500              0.3690280        
    138.1596900              0.5764590        
S   3   1.00
    138.1596900              0.1439270        
     54.9891170              0.6229380        
     23.1706670              0.2839640        
S   1   1.00
      7.3778600              1.0000000        
S   1   1.00
      2.9236880              1.0000000        
S   1   1.00
      0.6504050              1.0000000        
S   1   1.00
      0.2328250              1.0000000        
P   5   1.00
    663.0620100              0.0030820        
    157.0928100              0.0241650        
     50.2311000              0.1082230        
     18.6353450              0.2941920        
      7.4465370              0.6878620        
P   2   1.00
      7.4465370             -0.1214482        
      3.0956980              0.1632370        
P   1   1.00
      1.1064630              1.0000000        
P   1   1.00
      0.4156010              1.0000000        
P   1   1.00
      0.1454490              1.0000000        
S   1   1.00
      0.0600000              1.0000000
P   1   1.00
      0.0600000              1.0000000
D   1   1.00
      3.4000000              1.0000000        
D   1   1.00
      0.8500000              1.0000000        
D   1   1.00
      0.2125000              1.0000000        
F   1   1.00
      0.8500000              1.0000000  
