Ar     0 
S   11   1.00
 145700.0000000              0.236700E-03     
  21840.0000000              0.183523E-02     
   4972.0000000              0.952860E-02     
   1408.0000000              0.386283E-01     
    459.7000000              0.124081E+00     
    165.9000000              0.296471E+00     
     64.6900000              0.422068E+00     
     26.4400000              0.241711E+00     
      7.6280000              0.200509E-01     
      2.9960000             -0.361000E-02     
      0.6504000              0.975607E-03     
S   11   1.00
 145700.0000000             -0.674910E-04     
  21840.0000000             -0.518522E-03     
   4972.0000000             -0.274825E-02     
   1408.0000000             -0.111007E-01     
    459.7000000             -0.384820E-01     
    165.9000000             -0.997599E-01     
     64.6900000             -0.203088E+00     
     26.4400000             -0.135608E+00     
      7.6280000              0.507195E+00     
      2.9960000              0.612898E+00     
      0.6504000              0.442968E-01     
S   11   1.00
 145700.0000000              0.210457E-04     
  21840.0000000              0.162565E-03     
   4972.0000000              0.855463E-03     
   1408.0000000              0.349745E-02     
    459.7000000              0.120156E-01     
    165.9000000              0.321368E-01     
     64.6900000              0.655279E-01     
     26.4400000              0.499370E-01     
      7.6280000             -0.229769E+00     
      2.9960000             -0.421006E+00     
      0.6504000              0.642331E+00     
S   1   1.00
      0.2337000              1.0000000        
S   1   1.00
      9.5480000              1.0000000        
S   1   1.00
      0.0709000              1.0000000        
P   7   1.00
    453.7000000              0.570555E-02     
    106.8000000              0.430460E-01     
     33.7300000              0.176591E+00     
     12.1300000              0.406863E+00     
      4.5940000              0.452549E+00     
      1.6780000              0.122801E+00     
      0.5909000             -0.445996E-02     
P   7   1.00
    453.7000000             -0.160655E-02     
    106.8000000             -0.121714E-01     
     33.7300000             -0.520789E-01     
     12.1300000             -0.123737E+00     
      4.5940000             -0.151619E+00     
      1.6780000              0.142425E+00     
      0.5909000              0.584501E+00     
P   1   1.00
      0.1852000              1.0000000        
P   1   1.00
      4.3610000              1.0000000        
P   1   1.00
      0.0533000              1.0000000        
D   1   1.00
      0.7380000              1.0000000        
D   1   1.00
     11.4590000              1.0000000        
D   1   1.00
      0.2400000              1.0000000        

