# aug-pc-3
  species        P
#     global species definitions
    nucleus             15
    mass                30.973762
#
    l_hartree           8
#
    cut_pot             4.0          2.0  1.0
    basis_dep_cutoff    0.d0
#
    radial_base         43 7.0
    radial_multiplier   6
    angular_grids       specified
      division   0.5238  110
      division   0.6544  194
      division   0.7277  302
      division   0.8489  434
      division   0.9855  590
#      division   1.0863  770
#      division   2.6016  974
#      outer_grid  974
      outer_grid  590
################################################################################
#
#  Definition of "minimal" basis
#
################################################################################
#     valence basis states
    valence      3  s   2.
    valence      3  p   3.
#     ion occupancy
    ion_occ      3  s   1.
    ion_occ      3  p   2.

    include_min_basis   .false.
    pure_gauss          .true.

gaussian 0 12
  0.106370E+07  0.125090E-04
  0.160000E+06  0.966710E-04
  0.365130E+05  0.506820E-03
  0.103590E+05  0.213100E-02
  0.338280E+04  0.769250E-02
  0.122230E+04  0.244210E-01
  0.477300E+03  0.681220E-01
  0.198090E+03  0.160690E+00
  0.859940E+02  0.298670E+00
  0.386270E+02  0.358780E+00
  0.176880E+02  0.206160E+00
  0.725510E+01  0.273860E-01
gaussian 0 10
  0.103590E+05  -0.345020E-05
  0.338280E+04  -0.534270E-05
  0.122230E+04  -0.138140E-03
  0.477300E+03  -0.608820E-03
  0.198090E+03  -0.450640E-02
  0.859940E+02  -0.170710E-01
  0.386270E+02  -0.539540E-01
  0.176880E+02  -0.514940E-01
  0.725510E+01  0.137580E+00
  0.326990E+01  0.275250E+00
gaussian 0 10
  0.338280E+04  -0.175570E-05
  0.122230E+04  -0.158010E-04
  0.477300E+03  -0.113530E-03
  0.198090E+03  -0.673290E-03
  0.859940E+02  -0.303140E-02
  0.386270E+02  -0.922920E-02
  0.176880E+02  -0.119360E-01
  0.725510E+01  0.357250E-01
  0.326990E+01  0.158750E+00
  0.143130E+01  0.212360E+00
gaussian 0 1  0.470470E+00
gaussian 0 1  0.212890E+00
gaussian 0 1  0.877420E-01
gaussian 0 1  0.334080E-01
gaussian 1 9
  0.276220E+04  0.126180E-03
  0.654780E+03  0.110480E-02
  0.212580E+03  0.614830E-02
  0.798950E+02  0.263070E-01
  0.333660E+02  0.798660E-01
  0.149860E+02  0.188400E+00
  0.696800E+01  0.313620E+00
  0.328180E+01  0.353260E+00
  0.152470E+01  0.213660E+00
gaussian 1 9
  0.654780E+03  0.595920E-05
  0.212580E+03  -0.680860E-05
  0.798950E+02  0.745130E-04
  0.333660E+02  -0.606640E-03
  0.149860E+02  -0.126040E-02
  0.696800E+01  -0.947190E-02
  0.328180E+01  -0.440140E-02
  0.152470E+01  0.124660E-01
  0.669240E+00  0.213430E+00
gaussian 1 1  0.299290E+00
gaussian 1 1  0.128110E+00
gaussian 1 1  0.509920E-01
gaussian 1 1  0.188000E-01
gaussian 2 1  0.771000E+01
gaussian 2 1  0.203000E+01
gaussian 2 1  0.600000E+00
gaussian 2 1  0.220000E+00
gaussian 2 1  0.563990E-01
gaussian 3 1  0.134000E+01
gaussian 3 1  0.450000E+00
gaussian 3 1  0.751990E-01
gaussian 4 1  0.720000E+00
gaussian 4 1  0.939990E-01
