# aug-pc-3
  species        S
#     global species definitions
    nucleus             16
    mass                32.065
#
    l_hartree           8
#
    cut_pot             4.0          2.0  1.0
    basis_dep_cutoff    0.d0
#
    radial_base         44 7.0
    radial_multiplier   6
    angular_grids       specified
      division   0.4665  110
      division   0.5810  194
      division   0.7139  302
      division   0.8274  434
      division   0.9105  590
#      division   1.0975  770
#      division   1.2028  974
#      outer_grid  974
      outer_grid  590
################################################################################
#
#  Definition of "minimal" basis
#
################################################################################
#     valence basis states
    valence      3  s   2.
    valence      3  p   4.
#     ion occupancy
    ion_occ      3  s   1.
    ion_occ      3  p   3.

    include_min_basis   .false.
    pure_gauss          .true.

gaussian 0 12
  0.125040E+07  0.120230E-04
  0.188080E+06  0.929350E-04
  0.429180E+05  0.487200E-03
  0.121790E+05  0.204790E-02
  0.397870E+04  0.738970E-02
  0.143810E+04  0.234810E-01
  0.561670E+03  0.656850E-01
  0.233110E+03  0.155970E+00
  0.101220E+03  0.293220E+00
  0.454930E+02  0.360110E+00
  0.208470E+02  0.215060E+00
  0.864920E+01  0.307820E-01
gaussian 0 10
  0.121790E+05  -0.303830E-05
  0.397870E+04  -0.464560E-05
  0.143810E+04  -0.123160E-03
  0.561670E+03  -0.547230E-03
  0.233110E+03  -0.407020E-02
  0.101220E+03  -0.156520E-01
  0.454930E+02  -0.503090E-01
  0.208470E+02  -0.515170E-01
  0.864920E+01  0.118230E+00
  0.394560E+01  0.256280E+00
gaussian 0 10
  0.397870E+04  -0.230670E-05
  0.143810E+04  -0.195560E-04
  0.561670E+03  -0.143860E-03
  0.233110E+03  -0.844190E-03
  0.101220E+03  -0.386210E-02
  0.454930E+02  -0.118130E-01
  0.208470E+02  -0.161140E-01
  0.864920E+01  0.414920E-01
  0.394560E+01  0.185170E+00
  0.174720E+01  0.239630E+00
gaussian 0 1  0.599530E+00
gaussian 0 1  0.271270E+00
gaussian 0 1  0.110800E+00
gaussian 0 1  0.418370E-01
gaussian 1 9
  0.328580E+04  0.120620E-03
  0.778930E+03  0.105870E-02
  0.252760E+03  0.591910E-02
  0.951000E+02  0.254050E-01
  0.398200E+02  0.778590E-01
  0.179250E+02  0.185780E+00
  0.836990E+01  0.313470E+00
  0.396550E+01  0.357180E+00
  0.185400E+01  0.211790E+00
gaussian 1 9
  0.778930E+03  0.423970E-05
  0.252760E+03  -0.743330E-05
  0.951000E+02  0.277260E-04
  0.398200E+02  -0.650280E-03
  0.179250E+02  -0.189330E-02
  0.836990E+01  -0.101910E-01
  0.396550E+01  -0.762910E-02
  0.185400E+01  0.210320E-01
  0.819710E+00  0.243470E+00
gaussian 1 1  0.361170E+00
gaussian 1 1  0.150970E+00
gaussian 1 1  0.596200E-01
gaussian 1 1  0.218200E-01
gaussian 2 1  0.876000E+01
gaussian 2 1  0.230000E+01
gaussian 2 1  0.680000E+00
gaussian 2 1  0.250000E+00
gaussian 2 1  0.654610E-01
gaussian 3 1  0.153000E+01
gaussian 3 1  0.510000E+00
gaussian 3 1  0.872820E-01
gaussian 4 1  0.790000E+00
gaussian 4 1  0.109100E+00
