Ar     0 
S   16   1.00
 9149000.0000000             0.0000013        
 1370000.0000000             0.0000104        
 311900.0000000              0.0000549        
  88650.0000000              0.0002296        
  29330.0000000              0.0008103        
  10930.0000000              0.0024853        
   4480.0000000              0.0068369        
   1962.0000000              0.0176199        
    894.1000000              0.0428752        
    419.6000000              0.0954853        
    202.3000000              0.1850640        
     99.8400000              0.2890420        
     50.0700000              0.3101660        
     25.1400000              0.1721830        
     11.8100000              0.0285227        
      5.8820000             -0.0005757        
S   16   1.00
 9149000.0000000            -0.0000004        
 1370000.0000000            -0.0000030        
 311900.0000000             -0.0000156        
  88650.0000000             -0.0000652        
  29330.0000000             -0.0002304        
  10930.0000000             -0.0007075        
   4480.0000000             -0.0019573        
   1962.0000000             -0.0050856        
    894.1000000             -0.0126528        
    419.6000000             -0.0293065        
    202.3000000             -0.0617712        
     99.8400000             -0.1125410        
     50.0700000             -0.1622930        
     25.1400000             -0.1184120        
     11.8100000              0.1461480        
      5.8820000              0.4977520        
S   16   1.00
 9149000.0000000             0.0000001        
 1370000.0000000             0.0000009        
 311900.0000000              0.0000049        
  88650.0000000              0.0000204        
  29330.0000000              0.0000720        
  10930.0000000              0.0002210        
   4480.0000000              0.0006125        
   1962.0000000              0.0015908        
    894.1000000              0.0039722        
    419.6000000              0.0092204        
    202.3000000              0.0196367        
     99.8400000              0.0362570        
     50.0700000              0.0541725        
     25.1400000              0.0409996        
     11.8100000             -0.0551744        
      5.8820000             -0.2387540        
S   1   1.00
      2.9390000              1.0000000        
S   1   1.00
      1.4050000              1.0000000        
S   1   1.00
      0.6963000              1.0000000        
S   1   1.00
      0.3188000              1.0000000        
S   1   1.00
      0.1410000              1.0000000        
S   1   1.00
      0.0535700              1.0000000        
P   9   1.00
   7050.0000000              0.0000502        
   1669.0000000              0.0004454        
    542.1000000              0.0025480        
    207.1000000              0.0110155        
     87.5200000              0.0378490        
     39.6100000              0.1043550        
     18.7800000              0.2193350        
      9.1300000              0.3346150        
      4.5160000              0.3267710        
P   9   1.00
   7050.0000000             -0.0000140        
   1669.0000000             -0.0001243        
    542.1000000             -0.0007147        
    207.1000000             -0.0030968        
     87.5200000             -0.0107961        
     39.6100000             -0.0303536        
     18.7800000             -0.0659785        
      9.1300000             -0.1038770        
      4.5160000             -0.1099560        
P   1   1.00
      2.2450000              1.0000000        
P   1   1.00
      1.0650000              1.0000000        
P   1   1.00
      0.4885000              1.0000000        
P   1   1.00
      0.2166000              1.0000000        
P   1   1.00
      0.0925500              1.0000000        
P   1   1.00
      0.0367800              1.0000000        
D   1   1.00
      7.6327000              1.0000000        
D   1   1.00
      3.2876000              1.0000000        
D   1   1.00
      1.4160000              1.0000000        
D   1   1.00
      0.6099000              1.0000000        
D   1   1.00
      0.2627000              1.0000000        
D   1   1.00
      0.1078000              1.0000000        
F   1   1.00
      3.0582000              1.0000000        
F   1   1.00
      1.5292000              1.0000000        
F   1   1.00
      0.7647000              1.0000000        
F   1   1.00
      0.3824000              1.0000000        
F   1   1.00
      0.1830000              1.0000000        
G   1   1.00
      1.8450000              1.0000000        
G   1   1.00
      0.9657000              1.0000000        
G   1   1.00
      0.5055000              1.0000000        
G   1   1.00
      0.2555000              1.0000000        
H   1   1.00
      1.8743000              1.0000000        
H   1   1.00
      0.8871000              1.0000000        
H   1   1.00
      0.5265000              1.0000000        
I   1   1.00
      1.5066000              1.0000000        
I   1   1.00
      0.9926000              1.0000000        
