# pc-3
  species        Al
#     global species definitions
    nucleus             13
    mass                26.9815386
#
    l_hartree           8
#
    cut_pot             4.0          2.0  1.0
    basis_dep_cutoff    0.d0
#
    radial_base         41 7.0
    radial_multiplier   6
    angular_grids       specified
      division   0.6594  110
      division   0.8170  194
      division   0.9059  302
      division   1.0363  434
      division   1.1443  590
#      division   1.2621  770
#      division   2.8177  974
#      outer_grid   974
      outer_grid   590
################################################################################
#
#  Definition of "minimal" basis
#
################################################################################
#     valence basis states
    valence      3  s   2.
    valence      3  p   1.
#     ion occupancy
    ion_occ      3  s   1.
    ion_occ      2  p   6.

    include_min_basis   .false.
    pure_gauss          .true.

gaussian 0 12
  0.721490E+06  0.141920E-04
  0.108090E+06  0.110260E-03
  0.246050E+05  0.579460E-03
  0.697140E+04  0.243790E-02
  0.227490E+04  0.879450E-02
  0.821600E+03  0.278210E-01
  0.320780E+03  0.768160E-01
  0.133150E+03  0.177100E+00
  0.578170E+02  0.316030E+00
  0.259540E+02  0.351080E+00
  0.118990E+02  0.176190E+00
  0.474990E+01  0.182680E-01
gaussian 0 10
  0.697140E+04  -0.493330E-05
  0.227490E+04  -0.862570E-05
  0.821600E+03  -0.203730E-03
  0.320780E+03  -0.914550E-03
  0.133150E+03  -0.657840E-02
  0.578170E+02  -0.239550E-01
  0.259540E+02  -0.710310E-01
  0.118990E+02  -0.504540E-01
  0.474990E+01  0.223110E+00
  0.206880E+01  0.347080E+00
gaussian 0 10
  0.227490E+04  -0.159130E-06
  0.821600E+03  -0.131770E-05
  0.320780E+03  -0.982250E-05
  0.133150E+03  -0.624400E-04
  0.578170E+02  -0.308250E-03
  0.259540E+02  -0.125880E-02
  0.118990E+02  -0.186120E-02
  0.474990E+01  0.112090E-01
  0.206880E+01  0.835410E-01
  0.877790E+00  0.134660E+00
gaussian 0 1  0.249510E+00
gaussian 0 1  0.114620E+00
gaussian 0 1  0.481930E-01
gaussian 1 9
  0.201970E+04  0.121560E-03
  0.478630E+03  0.106070E-02
  0.155020E+03  0.593650E-02
  0.579040E+02  0.253820E-01
  0.241400E+02  0.761880E-01
  0.107890E+02  0.179970E+00
  0.497300E+01  0.302750E+00
  0.231610E+01  0.344780E+00
  0.107910E+01  0.237630E+00
gaussian 1 9
  0.478630E+03  0.542360E-04
  0.155020E+03  -0.376470E-04
  0.579040E+02  0.893640E-03
  0.241400E+02  -0.359030E-02
  0.107890E+02  -0.368970E-02
  0.497300E+01  -0.540690E-01
  0.231610E+01  -0.333730E-01
  0.107910E+01  0.454730E-02
  0.491590E+00  0.870540E+00
gaussian 1 1  0.204820E+00
gaussian 1 1  0.792560E-01
gaussian 1 1  0.289280E-01
gaussian 2 1  0.560000E+01
gaussian 2 1  0.147000E+01
gaussian 2 1  0.440000E+00
gaussian 2 1  0.160000E+00
gaussian 3 1  0.960000E+00
gaussian 3 1  0.320000E+00
gaussian 4 1  0.580000E+00
