# pc-3
  species        Si
#     global species definitions
    nucleus             14
    mass                28.0855
#
    l_hartree           8
#
    cut_pot             4.0          2.0  1.0
    basis_dep_cutoff    0.d0
#
    radial_base         42 7.0
    radial_multiplier   6
    angular_grids       specified
      division   0.5546  110
      division   0.6662  194
      division   0.7933  302
      division   0.9076  434
      division   1.0349  590
#      division   1.1770  770
#      division   2.4695  974
#      outer_grid   974
      outer_grid 590
################################################################################
#
#  Definition of "minimal" basis
#
################################################################################
#     valence basis states
    valence      3  s   2.
    valence      3  p   2.
#     ion occupancy
    ion_occ      3  s   1.
    ion_occ      3  p   1.

    include_min_basis   .false.
    pure_gauss          .true.

gaussian 0 12
  0.877450E+06  0.133960E-04
  0.131450E+06  0.104070E-03
  0.299290E+05  0.546780E-03
  0.848020E+04  0.230100E-02
  0.276720E+04  0.830540E-02
  0.999400E+03  0.263220E-01
  0.390140E+03  0.730330E-01
  0.161910E+03  0.170100E+00
  0.703040E+02  0.308910E+00
  0.315790E+02  0.354730E+00
  0.144800E+02  0.188720E+00
  0.583830E+01  0.219530E-01
gaussian 0 10
  0.848020E+04  -0.422290E-05
  0.276720E+04  -0.633560E-05
  0.999400E+03  -0.169100E-03
  0.390140E+03  -0.737150E-03
  0.161910E+03  -0.544610E-02
  0.703040E+02  -0.200100E-01
  0.315790E+02  -0.613730E-01
  0.144800E+02  -0.490020E-01
  0.583830E+01  0.176270E+00
  0.259460E+01  0.300800E+00
gaussian 0 10
  0.276720E+04  -0.118300E-05
  0.999400E+03  -0.103490E-04
  0.390140E+03  -0.743220E-04
  0.161910E+03  -0.437130E-03
  0.703040E+02  -0.193740E-02
  0.315790E+02  -0.585630E-02
  0.144800E+02  -0.683610E-02
  0.583830E+01  0.278700E-01
  0.259460E+01  0.127670E+00
  0.112500E+01  0.174220E+00
gaussian 0 1  0.353560E+00
gaussian 0 1  0.161600E+00
gaussian 0 1  0.672610E-01
gaussian 1 9
  0.230310E+04  0.131050E-03
  0.545840E+03  0.114650E-02
  0.177050E+03  0.636520E-02
  0.663770E+02  0.271970E-01
  0.276010E+02  0.819250E-01
  0.123430E+02  0.191470E+00
  0.568940E+01  0.315830E+00
  0.264060E+01  0.351830E+00
  0.120940E+01  0.212920E+00
gaussian 1 9
  0.545840E+03  0.612000E-05
  0.177050E+03  -0.590220E-05
  0.663770E+02  0.864530E-04
  0.276010E+02  -0.530490E-03
  0.123430E+02  -0.890380E-03
  0.568940E+01  -0.798250E-02
  0.264060E+01  -0.376310E-02
  0.120940E+01  0.107870E-01
  0.520130E+00  0.181860E+00
gaussian 1 1  0.232560E+00
gaussian 1 1  0.981410E-01
gaussian 1 1  0.383600E-01
gaussian 2 1  0.666000E+01
gaussian 2 1  0.175000E+01
gaussian 2 1  0.520000E+00
gaussian 2 1  0.190000E+00
gaussian 3 1  0.115000E+01
gaussian 3 1  0.380000E+00
gaussian 4 1  0.650000E+00
