# pc-3
  species        Cl
#     global species definitions
    nucleus             17
    mass                35.453
#
    l_hartree           8
#
    cut_pot             4.0          2.0  1.0
    basis_dep_cutoff    0.d0
#
    radial_base         45 7.0
    radial_multiplier   6
    angular_grids       specified
      division   0.4412  110
      division   0.5489  194
      division   0.6734  302
      division   0.7794  434
      division   0.9402  590
#      division   1.0779  770
#      division   1.1792  974
#      outer_grid  974
      outer_grid  590
################################################################################
#
#  Definition of "minimal" basis
#
################################################################################
#     valence basis states
    valence      3  s   2.
    valence      3  p   5.
#     ion occupancy
    ion_occ      3  s   1.
    ion_occ      3  p   4.

    include_min_basis   .false.
    pure_gauss          .true.

gaussian 0 12
  0.146110E+07  0.115340E-04
  0.219590E+06  0.892350E-04
  0.500850E+05  0.468110E-03
  0.142060E+05  0.196920E-02
  0.463890E+04  0.711120E-02
  0.167630E+04  0.226250E-01
  0.654510E+03  0.634880E-01
  0.271530E+03  0.151730E+00
  0.117870E+03  0.288260E+00
  0.529840E+02  0.361130E+00
  0.242920E+02  0.223030E+00
  0.101840E+02  0.340310E-01
gaussian 0 10
  0.142060E+05  -0.270930E-05
  0.463890E+04  -0.431910E-05
  0.167630E+04  -0.109070E-03
  0.654510E+03  -0.488530E-03
  0.271530E+03  -0.363270E-02
  0.117870E+03  -0.141420E-01
  0.529840E+02  -0.461670E-01
  0.242920E+02  -0.501070E-01
  0.101840E+02  0.999990E-01
  0.469280E+01  0.237500E+00
gaussian 0 10
  0.463890E+04  -0.287400E-05
  0.167630E+04  -0.249490E-04
  0.654510E+03  -0.182720E-03
  0.271530E+03  -0.108210E-02
  0.117870E+03  -0.498460E-02
  0.529840E+02  -0.154140E-01
  0.242920E+02  -0.217740E-01
  0.101840E+02  0.488810E-01
  0.469280E+01  0.218080E+00
  0.209740E+01  0.274120E+00
gaussian 0 1  0.748670E+00
gaussian 0 1  0.336130E+00
gaussian 0 1  0.135730E+00
gaussian 1 9
  0.384570E+04  0.116530E-03
  0.911230E+03  0.102500E-02
  0.295640E+03  0.574810E-02
  0.111400E+03  0.247000E-01
  0.467670E+02  0.762630E-01
  0.211060E+02  0.183430E+00
  0.990580E+01  0.312190E+00
  0.473470E+01  0.358360E+00
  0.223640E+01  0.211760E+00
gaussian 1 9
  0.911230E+03  0.357610E-05
  0.295640E+03  -0.777680E-05
  0.111400E+03  0.676660E-05
  0.467670E+02  -0.693940E-03
  0.211060E+02  -0.225630E-02
  0.990580E+01  -0.110180E-01
  0.473470E+01  -0.936630E-02
  0.223640E+01  0.251710E-01
  0.100710E+01  0.255740E+00
gaussian 1 1  0.443690E+00
gaussian 1 1  0.184880E+00
gaussian 1 1  0.732680E-01
gaussian 2 1  0.981000E+01
gaussian 2 1  0.258000E+01
gaussian 2 1  0.760000E+00
gaussian 2 1  0.280000E+00
gaussian 3 1  0.172000E+01
gaussian 3 1  0.570000E+00
gaussian 4 1  0.860000E+00
